sample_id	label	num_0_0	num_1_0	num_2_0	num_3_0	num_4_0
TCGA-A1-A0SE	2	0.03585484988676118	0.0028290445841513646	0.925250384063834	0.029152125360400107	0.006913596104853368
TCGA-A2-A0ST	0	0.3039847580456051	0.01188586718194185	0.5660627341422397	0.03372420234350979	0.08434243828670353
TCGA-A2-A0T4	2	0.0010991736964103722	0.00855144551538758	0.8136003003044598	0.1708634688238218	0.005885611659920456
TCGA-B6-A0RM	2	0.031114366677101674	0.00035763383072410105	0.37035291169598406	0.5970894170624123	0.0010856707337779554
TCGA-B6-A0RN	2	0.0029413977444053595	0.004286364266450586	0.9126368338893635	0.058766903497302965	0.021368500602477664
TCGA-BH-A0DH	2	0.02364423832439088	0.002598949216910529	0.8238350522016477	0.1422392938599741	0.007682466397076852
TCGA-BH-A0DQ	2	0.0017209925938435854	0.02550948803335836	0.7475891972244311	0.20543258885670096	0.019747733291666122
TCGA-AO-A0JJ	2	0.023180795965899198	0.007982306580683789	0.8646749797172846	0.06966434944210882	0.03449756829402363
TCGA-AO-A0JL	0	0.8929390858357009	0.003740916067138718	0.00133677558791981	0.08217913530320044	0.019804087206040197
TCGA-AO-A0JM	3	0.006708654173768646	0.08589041985111016	0.1416939124357904	0.7084527290147861	0.05725428452454484
TCGA-B6-A0IK	1	0.20627137150079378	0.5292963262754738	0.15916430207168406	0.09601329081356239	0.009254709338485935
TCGA-B6-A0RE	0	0.9575514777945348	0.018185374785954642	0.010551312470565411	0.010023173951876865	0.003688660997068681
TCGA-B6-A0RG	2	0.003188924312668871	0.004435766436810806	0.6584888948896609	0.3311915413022079	0.0026948730586514027
TCGA-B6-A0RI	2	0.0025280580492046075	0.004318541307961098	0.9061252134724824	0.07079682092927236	0.016231366241079632
TCGA-BH-A0AW	1	0.00930952219236764	0.7347410596780624	0.0640742907582688	0.1793089186729366	0.012566208698364632
TCGA-BH-A0B3	0	0.9237476384697886	0.0020740429705730537	0.06095061968747223	0.005437595635634893	0.007790103236531238
TCGA-BH-A0B8	2	0.0077917645613237736	0.010850006697889408	0.6755780863652677	0.3050238174040919	0.000756324971427149
TCGA-BH-A0BA	2	9.973006940728463e-05	0.000739137794028348	0.7623619838001092	0.23240536832073308	0.004393780015722105
TCGA-BH-A0BJ	2	0.020686390406517194	0.005480670231856691	0.8650602704946798	0.036201741365113754	0.07257092750183249
TCGA-BH-A0RX	0	0.49359398359700213	0.015232360387395947	0.40987444801407696	0.029815212197056965	0.05148399580446793
TCGA-A2-A0CT	2	0.00024637471927407167	0.0005423171315481306	0.5525018328916469	0.4440015159703599	0.002707959287171054
TCGA-A2-A0EU	2	3.877457307885246e-05	0.0008892833038387112	0.6051609195160683	0.39029206855751136	0.0036189540495028235
TCGA-A7-A0D9	2	0.16733680202416298	0.0005343363894924753	0.33509449122705187	0.49381158348441073	0.003222786874881887
TCGA-A8-A08O	2	0.004382729699845505	0.0025585078536641856	0.6701882945266381	0.29984650401729046	0.0230239639025616
TCGA-A8-A0A6	2	0.0009518077872777933	0.007020165348543649	0.8727536678209357	0.10636845194824138	0.012905907095001683
TCGA-A8-A0AD	2	0.003862701529048703	0.02380266061985658	0.710273774271722	0.2590313483658255	0.003029515213547093
TCGA-AO-A03L	2	0.0005972788367693941	0.00571477476212769	0.7306283115822314	0.25698860197541495	0.0060710328434564025
TCGA-AO-A0JC	2	0.02268582123387913	0.006142647866818163	0.8275201787474297	0.03704662316589459	0.10660472898597853
TCGA-AO-A0JD	3	0.002615019389487087	0.02142434272254579	0.05998935705200402	0.9122851240823749	0.003686156753588231
TCGA-AO-A0JE	1	0.0025287219645752264	0.677553341000716	0.09805109849892514	0.19207330073983603	0.029793537795947744
TCGA-AO-A0JI	2	0.0013334633150607724	0.005437206205452864	0.628991671277378	0.3634779547911203	0.0007597044109880148
TCGA-BH-A0C0	3	0.3982751147913204	0.009345023291932316	0.05548152210760627	0.5350922567652303	0.001806083043910808
TCGA-BH-A0DP	2	0.005062503241587997	0.003022688474895716	0.9367674196416643	0.042668642492329587	0.012478746149522293
TCGA-BH-A0DS	2	0.03351176722371209	0.00027936849615477964	0.5802572867523278	0.3856389041528478	0.0003126733749576769
TCGA-BH-A0E0	0	0.8901515031930993	0.024447990224257525	0.0188053658451986	0.04788669060715928	0.018708450130285156
TCGA-BH-A0E1	2	0.0020194006158848134	0.0027179168969308043	0.9077728151875024	0.07348974193186247	0.014000125367819503
TCGA-BH-A0E2	2	0.11867971916220194	0.0002474421119467503	0.74824188743813	0.12789328571284564	0.004937665574875682
TCGA-BH-A0H0	3	0.009961964021078002	0.0012246838760223676	0.7178522377123284	0.26857891902474	0.0023821953658311927
TCGA-BH-A0H6	2	0.046127557616636075	0.0002791251857398844	0.37075156799780407	0.5814576586937001	0.0013840905061199356
TCGA-BH-A0H9	2	5.789817296854009e-05	0.031246620882363955	0.8839227655399199	0.06891955629578501	0.015853159108962605
TCGA-BH-A0HB	2	0.06342771474385984	0.007767814711427795	0.5685655608764247	0.35644504290788165	0.00379386676040601
TCGA-BH-A0HF	2	0.024618490398815664	0.015958374458695173	0.8643419638643268	0.04191973555711043	0.05316143572105189
TCGA-A1-A0SO	0	0.9316400937856614	0.060418896375419306	0.00019030382114012826	0.0071043955380613736	0.0006463104797177459
TCGA-A1-A0SP	0	0.7019007745834535	0.013907065192516948	0.23652004372200558	0.03417860065270737	0.01349351584931657
TCGA-A2-A0T0	0	0.9591526244229401	0.0037324895684587643	0.001626743064026549	0.034685507558138345	0.0008026353864360777
TCGA-AO-A0JG	2	0.03727484870569552	0.017740859053844676	0.7772963991431838	0.11549107101752462	0.05219682207975127
TCGA-AR-A0TR	2	0.005066883220127493	0.017077996455221532	0.8168589185085201	0.09834849620049904	0.06264770561563184
TCGA-B6-A0RL	3	0.0016002596997512798	0.006539030381012588	0.4497962888125815	0.5380622731279938	0.004002147978660834
TCGA-B6-A0RU	0	0.8394526257654985	0.00854695672089896	0.099285549378496	0.030832083095994337	0.02188278503911244
TCGA-BH-A0BC	2	0.011454153348837337	0.002725347271053499	0.8772376790721654	0.10327023684328722	0.005312583464656457
TCGA-A1-A0SM	2	0.003043730885519067	0.2736543394776294	0.6064311498079789	0.04759823945957044	0.06927254036930225
TCGA-A2-A0SX	0	0.7658823218760676	0.033000915344397024	0.04892884822822393	0.13731668078553425	0.014871233765777137
TCGA-A2-A0SY	2	0.0009050572378255611	0.01850138739000664	0.92341675145107	0.05484815944028433	0.002328644480813375
TCGA-A1-A0SJ	2	0.19715810432904382	0.0016142234636080217	0.7364584920985366	0.048843903003450595	0.015925277105360937
TCGA-A2-A0EN	2	0.0030517255616525113	0.003448154977492356	0.8973436285538454	0.06952726367133644	0.02662922723567336
TCGA-A2-A0SV	3	0.01329393685135912	0.0006364086459763614	0.3006202209041654	0.6840275071817915	0.0014219264167077818
TCGA-A2-A0SW	3	0.021259867185423973	0.0073100165749472356	0.49344649633129395	0.4588560923737875	0.01912752753454733
TCGA-A2-A0T5	2	0.006884674580014268	0.002927021252922197	0.9049840153507549	0.06258401340859203	0.02262027540771652
TCGA-A2-A0T6	2	0.003623332657329561	0.00282932900413356	0.9313160537547013	0.04617028593978743	0.0160609986440482
TCGA-AR-A0TW	2	0.14773816680164295	0.0013649621886358233	0.8336702568713734	0.0022379698556174938	0.014988644282730518
TCGA-AR-A0TX	1	6.707106073515194e-05	0.6918136764056368	0.11172256754187292	0.1806484824102998	0.015748202581455276
TCGA-B6-A0RO	2	0.002548147257419168	0.014004288171866549	0.8353181215902944	0.10907850758661364	0.0390509353938063
TCGA-B6-A0RP	2	0.08149456692793793	0.009840568420058956	0.7657112506545136	0.13581139093083358	0.007142223066655966
TCGA-BH-A0HK	2	0.0032531175580524183	0.00512833106908098	0.9192043331377657	0.049845231971582644	0.022568986263518134
TCGA-BH-A0HX	2	0.005853672281373654	0.0070517054653636115	0.7937907686956706	0.19187811169549007	0.0014257418621021608
TCGA-BH-A0HY	3	0.004490274176108497	0.15172092643901738	0.004494213149195292	0.8387246692716558	0.0005699169640231106
TCGA-A2-A0T7	2	0.0019088073850930755	0.006928981521710974	0.6588182083540504	0.3312834870827147	0.001060515656430822
TCGA-AR-A0TP	0	0.9058417691331638	0.00920954560880176	0.001892957731701987	0.08168422626625689	0.0013715012600755655
TCGA-AR-A0TZ	2	6.655169597531146e-06	0.00047265230867376667	0.5361487708995695	0.4580652145223119	0.005306707099847246
TCGA-B6-A0RT	0	0.34157144865146105	0.013373592382664326	0.5172462006083511	0.06364270181644863	0.064166056541075
TCGA-BH-A0HP	2	0.02294204873482994	0.004468771654195928	0.8438004979968914	0.05869702009131055	0.07009166152277234
TCGA-BH-A0W4	2	0.014598029064577522	0.006525076363970824	0.8512383910047638	0.056496098404253924	0.07114240516243386
TCGA-AR-A0U4	0	0.9271592106300673	0.0009716469210142916	0.027196911798325788	0.005161572777727714	0.039510657872864625
TCGA-B6-A0WX	0	0.7779001828210123	0.012775163117773507	0.14882013045484382	0.0333253615418979	0.02717916206447246
TCGA-B6-A0WY	2	0.017835916720752156	0.00994841078342964	0.745909592234312	0.19902578661659456	0.027280293644911722
TCGA-A2-A0YF	2	0.002035074281152419	0.01081176662321734	0.6983702040166717	0.27040026045269516	0.018382694626263223
TCGA-A2-A0YT	3	0.0024105278810239573	0.006301406223397411	0.08048340454350036	0.9085262407809341	0.0022784205711441513
TCGA-B6-A0WZ	2	0.12825379658727273	0.05434932549639582	0.7333424309654666	0.0478186377796327	0.0362358091712321
TCGA-AO-A129	0	0.9498449831869483	0.0006924030231631698	0.00784400598196603	0.0015154024111771404	0.04010320539674534
TCGA-AO-A12C	2	0.020319175510004592	0.009184319198222213	0.7938426296784888	0.03583479549772066	0.1408190801155636
TCGA-AO-A12E	2	0.0002653167822862002	0.007183405070485683	0.8674134266211171	0.10593811648790577	0.019199735038205237
TCGA-AO-A12G	2	0.012125593216281599	0.0035794441327518267	0.7215763438315628	0.2583690521309262	0.004349566688477659
TCGA-A2-A0YC	2	0.0019040700998418077	0.008621683498630078	0.922160153674238	0.049276277759901524	0.01803781496738859
TCGA-A2-A0YD	2	0.005556167952226445	0.005748259875747784	0.921043455881902	0.035191690166160604	0.03246042612396323
TCGA-A2-A0YE	0	0.8406513074548466	0.07906129469452439	0.056061515086764276	0.005108664395359613	0.019117218368505204
TCGA-A2-A0YL	2	0.021821740450641537	0.006535566955077725	0.8363201083132357	0.05236415706273743	0.08295842721830761
TCGA-AN-A0XO	2	0.0009226976014017729	0.0034419426522488967	0.8685547965061405	0.11079960472602296	0.01628095851418598
TCGA-AN-A0XP	2	0.0005026338349583637	0.0016073024843739057	0.8276593303468107	0.15894037494407715	0.011290358389779856
TCGA-AN-A0XR	3	0.001871281694875377	0.002112809983360074	0.8392118893412844	0.13868216287829677	0.018121856102183413
TCGA-A2-A0YI	2	0.07202947687313381	0.008231707367194125	0.7348549702542582	0.012056263425186306	0.17282758208022775
TCGA-AO-A124	0	0.9876193090270804	0.009927905032348212	0.0010510955856397562	0.0002632123984118745	0.0011384779565196282
TCGA-AO-A125	2	0.00191051622541076	0.003451640337806128	0.9206420516832772	0.057138639382994884	0.016857152370511167
TCGA-AO-A126	2	0.017232016278068658	0.00741886208317783	0.8235653334025481	0.11887277926434742	0.03291100897185798
TCGA-AO-A128	0	0.37912620629289706	0.009978363469921857	0.5457722267958464	0.04453122024066462	0.02059198320067014
TCGA-E2-A106	2	0.0031986967064178066	0.007123671312600398	0.8409159875614288	0.11553744183140584	0.033224202588147234
TCGA-E2-A108	4	0.27432235180588993	0.023670825241625754	0.33306916847998075	0.09902113292352765	0.26991652154897605
TCGA-E2-A109	3	0.004197392612481312	0.011739435094058056	0.08902576232668445	0.894835430055253	0.00020197991152314315
TCGA-E2-A10B	2	7.22936708013047e-05	0.0038759267374659685	0.9295604882590941	0.06199307063582969	0.004498220696809018
TCGA-E2-A10E	2	0.000943921828978445	0.004363829894513914	0.6368775883827456	0.34517235450681993	0.012642305386942231
TCGA-E2-A10F	2	0.013690003998728129	0.0080032114034052	0.8400752519841688	0.07708536205255861	0.06114617056113935
TCGA-AN-A0XL	2	0.00215747897024581	0.009398736058416738	0.7345970676364622	0.2392076317322449	0.01463908560263027
TCGA-AO-A12B	2	0.005930591564232702	0.0005636986704057744	0.9498305234741414	0.028626057102261692	0.015049129188958333
TCGA-E2-A10C	3	0.0016960378402814953	0.030935058256126403	0.6713025106983925	0.2823055243934478	0.013760868811751838
TCGA-BH-A0W3	3	0.002918139674780674	0.00948422209432371	0.7012693508721994	0.2722035233547651	0.014124764003931057
TCGA-A7-A13F	3	0.006028794039273185	0.010590456772414393	0.4140968874691604	0.5518040038938924	0.017479857825259685
TCGA-AR-A1AO	4	0.105819854808309	0.007020461269297863	0.6666971628117394	0.029043715105958507	0.19141880600469527
TCGA-AR-A1AQ	0	0.9180378758777905	0.0028389077543685163	0.048520136958448146	0.005084653585406075	0.02551842582398679
TCGA-AR-A1AX	2	0.014082271823664338	0.014628048749216575	0.7753022880944562	0.14304177722517608	0.05294561410748671
TCGA-AR-A1AY	0	0.9250125037849998	0.020483363802074033	0.036447862720493475	0.016150296477895607	0.001905973214537075
TCGA-BH-A0AU	3	0.011596324870132063	0.02235717513541575	0.2674654684936472	0.6882511873954698	0.010329844105335299
TCGA-BH-A0BZ	3	0.02486553194868527	0.012739072467159293	0.4369600902811956	0.490447192357282	0.034988112945677934
TCGA-BH-A0C3	3	0.015119261222903921	0.018517879364783284	0.811229510686351	0.1042670640307543	0.050866284695207556
TCGA-BH-A0DD	3	0.0037323285588827045	0.13769863441859073	0.1852072989474801	0.6601860510919925	0.013175686983054023
TCGA-E2-A15K	3	0.004652644349656002	0.007078675586271804	0.9138966643072651	0.049922762006135886	0.02444925375067115
TCGA-E2-A1AZ	0	0.7543454928462805	0.013320115222127286	0.17689895021282886	0.024509355658377113	0.030926086060386285
TCGA-E2-A1BC	2	0.02651153753190997	0.022477343357969037	0.8126101775839949	0.09639285181055826	0.04200808971556773
TCGA-AR-A1AP	2	0.014454131925180608	0.004187021428501481	0.6661053972229526	0.3053959812823343	0.009857468141030975
TCGA-AR-A1AU	2	0.13679155752728214	0.005527726340702445	0.7377144206554301	0.10408569140069118	0.015880604075894082
TCGA-AR-A1AK	2	0.004508176582472683	0.0040945528349329244	0.6595400585941326	0.3248958419845023	0.006961370003959585
TCGA-BH-A0AZ	2	0.006090132565304451	0.0011805522681804864	0.9037404276834056	0.04938535883483174	0.039603528648277715
TCGA-BH-A0B5	2	0.0007166227652745762	0.0038174573880688325	0.7635730092974955	0.22251369422385095	0.009379216325310077
TCGA-BH-A0BF	3	0.08215071404867157	0.02619497518850449	0.5924076648947356	0.2631931335751592	0.03605351229292906
TCGA-BH-A0DG	2	0.03564164383095244	0.006313243557218986	0.8075384984282304	0.04349278617065925	0.10701382801293882
TCGA-AR-A1AL	2	0.007133548992271209	0.006835683582966953	0.8493223208146311	0.0738186925325144	0.06288975407761631
TCGA-AR-A1AV	2	0.0018827254828774585	0.00811310925019032	0.9101725570966791	0.053317406450944786	0.026514201719308322
TCGA-E2-A1B0	1	0.021940572519805693	0.8980716984837445	0.0003898853101048307	0.027872688553510036	0.05172515513283501
TCGA-E2-A1B1	2	0.00802476503349295	0.026330813598157424	0.8010118299858836	0.08505096733940619	0.07958162404305982
TCGA-E2-A1B4	2	0.008782001873404652	0.005533869424396453	0.8607655494308339	0.0778428788115671	0.047075700459797865
TCGA-AR-A1AR	0	0.7305845151882946	0.006163626432205392	0.22004114733180116	0.009471199136448413	0.033739511911250616
TCGA-BH-A1ET	2	0.0039980098157328696	0.005237425223482684	0.9232516614650541	0.04283056240598927	0.02468234108974107
TCGA-BH-A1EU	2	0.0003680947698617774	0.0021937195095711446	0.749840001164311	0.22962933800143678	0.01796884655481934
TCGA-BH-A1EV	1	0.0004573841040370198	0.6729850662537225	0.11315750371249245	0.21031611325181576	0.003083932677932345
TCGA-BH-A1EW	2	0.007485468530735481	0.024405876570295533	0.8292401307078976	0.13728504205585065	0.0015834821352206509
TCGA-E2-A14N	0	0.7716435052527199	0.0040732556079144475	0.15875401662924063	0.03291967154373922	0.03260955096638587
TCGA-E2-A15I	2	0.004739284919460215	0.008224166795135405	0.9222898064560047	0.04161137604709776	0.023135365782301954
TCGA-A2-A1FV	2	0.013579348265237542	0.0010343318615457808	0.7176077348111735	0.25949696758292085	0.008281617479122401
TCGA-A2-A1FW	3	0.003816645881661573	0.015495166762929606	0.017896476660085966	0.9614400051305039	0.0013517055648190272
TCGA-A2-A1G1	0	0.6734071502902645	0.21310692063838757	0.04228874990855501	0.05068409582440605	0.020513083338386924
TCGA-E2-A1IN	2	0.025051156008395945	0.0005201944615812526	0.8439307587815719	0.1181117701335006	0.012386120614950325
TCGA-E2-A1L8	2	0.00030485621457269224	0.01848071125370571	0.8803488930494584	0.0937166693656352	0.007148870116628147
TCGA-EW-A1J2	2	0.008804474878274772	0.010827067416185042	0.8491757508544588	0.08317097331306182	0.0480217335380195
TCGA-A2-A1G4	3	0.008851126088535747	0.0026048877334803157	0.6743202488633792	0.29643522364846764	0.017788513666137006
TCGA-AO-A1KP	3	0.00037114233110289725	0.0009177998839779719	0.42803302966852164	0.5702828813080115	0.00039514680838595684
TCGA-AO-A1KT	3	0.0025313542166906984	0.001924632453620605	0.4237981737151973	0.5685265459393223	0.0032192936751691274
TCGA-BH-A1EX	2	0.3286895781076717	0.039227027217744966	0.35644284194530657	0.010472031563851153	0.26516852116542566
TCGA-BH-A1FD	3	0.05038490816263491	0.1353850309367253	0.013700420134213654	0.7982793775884218	0.0022502631780043003
TCGA-BH-A1FL	2	0.0034016363299906897	0.004248122663906187	0.924197672658653	0.04878753656878953	0.019365031778660696
TCGA-C8-A1HE	2	0.004112994973904012	0.003897572706454665	0.9176714507690674	0.06255133725159541	0.011766644298978437
TCGA-C8-A1HO	2	0.13717588881425555	0.003394880538802582	0.7283923286456494	0.0963544687423646	0.0346824332589278
TCGA-D8-A1JD	3	0.03301550938331847	0.0005776901992072198	0.27221490424430456	0.6937901950831404	0.0004017010900294196
TCGA-D8-A1JL	0	0.9410244262357547	0.0189895429363135	0.021243538617838145	0.0005215966702495707	0.01822089553984406
TCGA-E2-A1IE	2	0.04980748806907446	0.008353378508852224	0.8065138240869504	0.12383323489035093	0.011492074444771934
TCGA-BH-A0BS	2	0.009545064473576432	0.005592127981698964	0.8613746230536772	0.06182064634788271	0.06166753814316465
TCGA-BH-A0BT	2	0.005938026890606268	0.039690657195414994	0.6630710238828951	0.2625606676817784	0.028739624349305166
TCGA-BH-A0H3	2	0.013176927802337122	0.006052936848557441	0.8495919597099807	0.05456525325248117	0.07661292238664373
TCGA-A1-A0SQ	2	0.029536374006959534	0.00994492894920911	0.8155317432574366	0.05379308858155432	0.09119386520484041
TCGA-E2-A1IF	2	0.016653756956812097	0.008069816509065037	0.8488575340550868	0.04354075373165114	0.08287813874738482
TCGA-E2-A1IO	2	0.0015459461562463649	0.01871456752630151	0.7961518573408839	0.18095315177141114	0.0026344772051570538
TCGA-E2-A1LA	2	0.03294123355293849	0.021938930206595927	0.6338237889322629	0.2858826354783269	0.02541341182987581
TCGA-E2-A1LB	1	0.000984068497323399	0.7101246089531293	0.16564602445317936	0.08251087494166345	0.04073442315470458
TCGA-E9-A1N8	0	0.8447934394422897	0.047548531551294515	0.009366737727587168	0.09487168540126753	0.003419605877561135
TCGA-EW-A1IX	2	0.053986978312639614	0.013405793075547255	0.810359040164911	0.03220328233094883	0.0900449061159533
TCGA-EW-A1OZ	3	0.00016912357165860164	0.06500939517026931	0.022192725563475547	0.911575516408245	0.0010532392863515842
TCGA-EW-A1P4	0	0.8351336493066391	0.08127166748276002	0.003662851786092669	0.07865470373327435	0.001277127691233966
TCGA-EW-A1P5	2	0.002286092375532063	0.00025378920919979353	0.9514201877698044	0.045240868604681364	0.0007990620407824112
TCGA-BH-A1F0	0	0.7456560084302106	0.016173381224498178	0.17089580851308767	0.016955133289273297	0.05031966854293032
TCGA-C8-A1HF	1	0.0006629956578615383	0.76797980119435	0.13315638934803756	0.09453530427145496	0.003665509528296019
TCGA-C8-A1HG	3	0.12045524402933447	0.0006430579605205907	0.14254912123873034	0.7350549292064507	0.0012976475649639926
TCGA-C8-A1HI	2	0.00024037013687953102	0.0036775470755428083	0.7951321880657659	0.1983747025494182	0.002575192172393578
TCGA-C8-A1HL	3	0.00042140427928378247	0.1566396978870732	0.24860966465637663	0.5628374553346466	0.03149177784261973
TCGA-C8-A1HM	3	0.005220803318627321	0.03847733984387331	0.26602451754952733	0.68593758400221	0.004339755285761998
TCGA-C8-A1HN	3	0.02503067257442288	0.01476240603537212	0.05709643879079613	0.9008620908325786	0.0022483917668301703
TCGA-BH-A0H7	2	0.00020883813276792625	0.023075341436215126	0.5275033083696012	0.44902121032870235	0.00019130173271339186
TCGA-E2-A1IH	2	0.0016866031439994062	0.015013603337180473	0.6262267110235462	0.32390306368488925	0.033170018810384755
TCGA-E2-A1L9	2	0.01881782934245227	0.009184716169563081	0.8420823950228209	0.03630480841005829	0.09361025105510551
TCGA-EW-A1J3	2	3.1113029431630125e-05	0.11486054144637514	0.8081439122196354	0.06938427099652189	0.007580162308035776
TCGA-EW-A1J5	2	0.0067073863156030715	0.01055276141831769	0.8783583288654915	0.04705237716090886	0.057329146239678934
TCGA-BH-A1F6	0	0.9415921371164588	0.034001519120181734	0.000740211686074438	0.022080327452381376	0.001585804624903549
TCGA-D8-A1JU	2	0.017259556628382116	0.004904892417489858	0.8515696759974457	0.06796220221671764	0.05830367273996468
TCGA-EW-A1IW	2	0.00013323040983781914	0.17746167967212162	0.5018961272515471	0.30336131186092036	0.017147650805573258
TCGA-EW-A1J6	3	0.0005726414355955721	0.0005370019498935805	0.3294176583132051	0.6693632251867945	0.00010947311451135034
TCGA-A1-A0SI	3	0.019846281204890678	0.013867571445524546	0.8128832824893197	0.14233443739451454	0.011068427465750524
TCGA-A1-A0SN	3	2.4346770332513426e-05	0.09380229278596047	0.08653237750017222	0.8179475678174347	0.0016934151261000713
TCGA-AO-A1KR	0	0.9133905039114165	0.05193051691627621	0.0024928705603138803	0.032122023120880784	6.408549111267549e-05
TCGA-E2-A1IJ	2	0.0035281042437805463	0.00936237679475872	0.9073528058030212	0.04733111132506782	0.032425601833371606
TCGA-E2-A1L7	3	0.15235371234574296	0.0003436296697209616	0.16316890058433106	0.68389681153287	0.00023694586733505086
TCGA-E2-A1LL	0	0.8052343261653417	0.06824418888743981	0.0626649305627161	0.024749799680499018	0.03910675470400321
TCGA-A2-A1G0	2	0.029056255389124232	0.0013895685993597171	0.9303639602671029	0.031398261709217855	0.007791954035195274
TCGA-AQ-A1H2	2	0.008934838187032019	0.0023830095834782455	0.6436576223436397	0.34352367222948205	0.0015008576563682024
TCGA-AQ-A1H3	2	0.012008992190009388	0.005472753491958849	0.834262362312223	0.11166911884866963	0.03658677315713915
TCGA-BH-A1EN	1	0.01802004595844854	0.96701741338047	0.003832997004679116	0.00800373978754568	0.003125803868856577
TCGA-BH-A1FC	0	0.9537970618087908	0.007758902481741946	0.014180064457285865	0.0222347560348258	0.002029215217355733
TCGA-D8-A1X5	3	0.03289860096317989	0.009548657760984942	0.07568620516737719	0.8764893219621896	0.0053772141462683325
TCGA-D8-A1XA	2	0.0321734930753274	0.025150610579031354	0.5031975908244167	0.40619246675209814	0.03328583876912638
TCGA-D8-A1XB	2	0.001997803980200243	0.0020392436882735827	0.9026474675217433	0.08168691700532336	0.011628567804459497
TCGA-D8-A1XC	2	0.03391669891037856	0.00936424078357116	0.795836129400487	0.0328078566921461	0.12807507421341727
TCGA-D8-A1XD	2	0.0076281931530727595	0.021507350585064224	0.705453322839968	0.21021909724404955	0.05519203617784543
TCGA-D8-A1XG	2	0.004380514775169597	0.012450629212308465	0.8297613379675046	0.12589410332953077	0.027513414715486424
TCGA-BH-A1FE	2	0.05298772567478728	0.014580144816985849	0.6232260055093286	0.28895996687158115	0.020246157127317053
TCGA-C8-A1HJ	0	0.9638415442340958	0.025935460548554966	0.004427758626565431	0.0028909232599074455	0.002904313330876394
TCGA-D8-A1JE	3	0.00013164832342599494	0.011343342445143099	0.5163906934407253	0.46979153792001943	0.0023427778706863072
TCGA-D8-A1JF	1	0.17502836924380616	0.1732750173915461	0.44363138672610536	0.1871000493044428	0.020965177334099645
TCGA-D8-A1JH	2	0.03562646750209241	0.005694386365424134	0.8282596590560409	0.041930169851258824	0.08848931722518372
TCGA-D8-A1JM	0	0.870704437024322	0.010924658755144567	0.033389725067621966	0.08467719295921124	0.0003039861936999735
TCGA-E2-A1IL	2	0.0037669490872724453	0.004130640194434522	0.9090325049125103	0.01678121791448552	0.06628868789129705
TCGA-E2-A1IU	2	0.0025205869286126907	0.0031209080481310507	0.9386772757765778	0.03679371604079012	0.01888751320588828
TCGA-E2-A1LK	0	0.8999652283177393	0.0018545046464387355	0.0012658685475693589	0.0965995793610888	0.0003148191271636957
TCGA-E9-A1ND	0	0.7222536203456899	0.014419846581852124	0.18395902804993958	0.005616134028986872	0.07375137099353175
TCGA-EW-A1OV	1	0.35539257926216505	0.06642773858368084	0.4581611004281848	0.03887491519710106	0.08114366652886829
TCGA-EW-A1OW	0	0.7764243865782098	0.013485424164293708	0.03335292634698564	0.0010474966619669819	0.17568976624854404
TCGA-EW-A1OX	3	0.018663055279228236	0.01046498755806608	0.7499837978761986	0.15775320345893942	0.06313495582756767
TCGA-EW-A1OY	3	0.02381813059721829	0.006174294926590519	0.2701843659915932	0.6968016970430652	0.0030215114415328395
TCGA-EW-A1P0	3	0.048900387586277835	0.012113696867819	0.1373552965953906	0.6791780018913854	0.12245261705912706
TCGA-BH-A1FR	2	0.038764983635158054	0.010638362215286539	0.7945879058321131	0.03551444903214784	0.12049429928529445
TCGA-BH-A1EY	2	0.03842395170109062	0.010677001656038446	0.6160758623064575	0.33330118804058023	0.0015219962958332141
TCGA-D8-A1JP	2	0.03314293528321829	0.003796533712125592	0.6368072584014696	0.3123513334840306	0.01390193911915593
TCGA-AO-A1KQ	3	0.000462798040454389	0.006803172546783072	0.20794507006809007	0.7831569002101175	0.0016320591345549303
TCGA-BH-A1FG	2	0.008719983166263082	5.764638894861236e-05	0.720521007567034	0.26962344143090966	0.001077921446844777
TCGA-A2-A04R	3	0.0007244570432982723	0.0018348517547985988	0.47173095776493956	0.5234228498722955	0.002286883564668118
TCGA-A2-A0YH	3	0.0001598754287566672	0.0051309572585409085	0.2135229875667897	0.7807838654152475	0.00040231433066523697
TCGA-A2-A0YJ	0	0.7284457962123627	0.20179105966231586	0.00012292766397993562	0.0040644358507237075	0.0655757806106178
TCGA-B6-A1KF	0	0.9590439848430131	0.022779566193586485	3.5112656890446984e-05	0.013955934443983652	0.004185401862526092
TCGA-C8-A1HK	1	0.0014709019830636825	0.8551893432444607	0.007373650846429448	0.12493459456486622	0.011031509361180036
TCGA-D8-A1JB	2	0.04009698202719778	0.02623060839356574	0.7682632534142355	0.09070368784058788	0.07470546832441302
TCGA-D8-A1JK	0	0.6722445639306869	0.035576360742032125	0.1647129446393497	0.09036349019582407	0.03710264049210715
TCGA-EW-A1P7	4	0.12891351748377322	0.014354949053493153	0.6107181711829371	0.048749520809589005	0.1972638414702075
TCGA-EW-A1PB	0	0.9310826406395374	0.01635786336784818	0.024294978787887857	0.0023437763179809256	0.025920740886745466
TCGA-EW-A1PD	2	0.24118544872042647	0.01764836007495594	0.6480109340157906	0.057370503188847975	0.03578475399997898
TCGA-EW-A1PF	2	0.1366248904808898	0.01074279971523238	0.6696471181548102	0.13738313016353287	0.045602061485534875
TCGA-E9-A1R6	2	7.250101906481357e-05	0.0026878272353106566	0.8013028822997972	0.1928033444276529	0.0031334450181744146
TCGA-E9-A1RA	2	0.006546434274365375	0.004667081482907946	0.7972141678100666	0.1468150771051042	0.044757239327556
TCGA-EW-A1P1	4	0.02685371346819684	0.026579681342899848	0.7117305915345093	0.07087690296818361	0.16395911068621033
TCGA-D8-A1J8	3	0.003750071323511863	0.01743864611354479	0.7579687689195875	0.1954719743044283	0.02537053933892759
TCGA-D8-A1J9	3	0.00018691622498385655	0.40615859297290213	0.12095821607798692	0.4713397322299367	0.0013565424941904415
TCGA-D8-A1JA	1	0.009740502724832997	0.8355052963267531	0.001932926592260912	0.07961129383606816	0.0732099805200849
TCGA-D8-A1JC	3	6.527063019568634e-05	0.01422174355107844	0.16111601582065352	0.8240494273813799	0.0005475426166922954
TCGA-D8-A1JT	3	0.005986153727192719	0.00016535565062089964	0.5017754458453318	0.4915065924886744	0.000566452288180139
TCGA-E2-A1L6	2	0.0034658002818003736	0.00023025780870288768	0.9313020444404918	0.028684526182673628	0.036317371286331356
TCGA-EW-A1IY	3	0.048283147145942666	0.0067656169642445136	0.8553705972391165	0.056215236686458885	0.033365401964237366
TCGA-EW-A1J1	2	0.007208202310840026	0.0003038200512188227	0.9121670183117173	0.06341562425334552	0.016905335072878305
TCGA-A2-A1FX	3	0.00034800763434142715	0.0003998542871363931	0.3745574018696986	0.6206750010669162	0.0040197351419074
TCGA-AO-A1KS	3	2.6149669222329404e-05	0.0002533255348506232	0.4097285314723546	0.589470616592149	0.0005213767314232842
TCGA-B6-A1KN	3	0.0014575432088490305	0.06620267275101938	0.004927315897839127	0.927009287417682	0.00040318072461056415
TCGA-BH-A1F2	3	0.002043447767359231	0.42033639209220847	0.017717207607710523	0.5526812227782502	0.007221729754471518
TCGA-BH-A1F8	3	0.005632103228226083	0.013296970378809916	0.11334087538892006	0.8646576527472799	0.0030723982567641456
TCGA-BH-A0W5	2	0.00848009330060477	0.002683185369562107	0.917352493586318	0.05479405804021468	0.01669016970330049
TCGA-BH-A0WA	0	0.91716036502573	0.015270228017366383	2.9494125765918502e-05	0.06752602565430676	1.3887176831055476e-05
TCGA-E9-A22B	2	0.0544505629593082	0.021902680687170634	0.5211003787661418	0.38929227936934735	0.013254098218032041
TCGA-E9-A22D	3	0.0007306662462464985	0.022900079360146007	0.23873979548693502	0.7298758182447992	0.007753640661873285
TCGA-E9-A22E	3	0.43698759719235203	0.0562511250675337	0.10676373257775908	0.3992021024912765	0.000795442671078755
TCGA-E9-A22H	3	0.010340216576364254	0.009183232271362548	0.6719122420996231	0.258827829928005	0.04973647912464509
TCGA-AR-A254	1	0.004358639776016312	0.8920413630199572	0.005896940090146483	0.09409469768790793	0.003608359425972104
TCGA-E9-A1QZ	2	0.0060197935941530565	0.008517526985910415	0.8388701532491212	0.08512419086790672	0.061468335302908614
TCGA-B6-A1KI	2	0.003175651729791472	0.004045569217292874	0.839262698908488	0.0993311491723583	0.054184930972069265
TCGA-D8-A1XM	2	0.03699091691549467	0.016382335480381403	0.7859498659181796	0.03846057505831331	0.122216306627631
TCGA-D8-A1XU	2	0.07499792603924511	0.04779700412884342	0.6726447529658368	0.20168993977797398	0.0028703770881006773
TCGA-D8-A1Y0	2	0.0011907668798945635	0.0010692931226383591	0.7883988355030322	0.20586938325544296	0.003471721238991704
TCGA-D8-A1Y1	3	0.000212880265626547	0.0007555003006597899	0.6521552632512009	0.34268420080708	0.004192155375432806
TCGA-E9-A1R3	2	0.004411674497879817	0.002358287036673453	0.8938639938153682	0.0919749182235479	0.007391126426530832
TCGA-E9-A1N9	0	0.7980754455801643	0.009984350065295935	0.13980657524649795	0.03192144370705135	0.020212185400990384
TCGA-E9-A1NF	3	0.07209355000086648	0.029050391151177864	0.16296564198750557	0.7350028075210501	0.0008876093394000046
TCGA-E9-A1NH	2	0.0295065928751052	0.006402877008831527	0.9043474047220296	0.05107469938738281	0.008668426006650912
TCGA-E9-A1NI	3	0.0002229142555455155	0.0013866488787384456	0.6241056559218999	0.3720843788406168	0.002200402103199214
TCGA-A2-A0YK	4	0.009551058613014102	0.005413527808933453	0.9101122348025501	0.03881666655571794	0.03610651221978452
TCGA-AN-A0XN	2	0.16567891740516177	0.008593307487169122	0.535252977081909	0.27177417499451195	0.018700623031248205
TCGA-AN-A0XT	2	0.0026351572812981445	0.0005527556492386025	0.8480196599738518	0.14140544804445115	0.0073869790511602645
TCGA-AN-A0XU	0	0.8149072565118112	0.15901785787394992	0.0012258129610494238	0.018531521780882354	0.006317550872307163
TCGA-AN-A0XV	2	0.07720045201584366	0.01075523105704454	0.74334260878081	0.10754887976748798	0.061152828378813744
TCGA-AN-A0XW	2	0.019862056589594432	0.015675989053522982	0.8484352181189162	0.0754358362581194	0.04059089997984709
TCGA-AR-A0TU	0	0.9560073663738505	0.006857162317286272	0.003153383609991893	0.0024687567681514894	0.0315133309307197
TCGA-E9-A1N3	2	0.037004855075303725	0.009945737099842622	0.7927502397655581	0.03584622265568515	0.12445294540361032
TCGA-E9-A1RB	3	0.10528375573459711	0.006569631882659194	0.19848594362412672	0.6866276977257051	0.003032971032911901
TCGA-E9-A1RC	2	9.698192515854649e-05	0.00040555284558912465	0.8433883086120386	0.1558085070270102	0.00030064959020359287
TCGA-E9-A1RD	2	0.007106098767149613	0.002304754529177907	0.9052314503336001	0.03937478420161802	0.04598291216845442
TCGA-E9-A1RF	2	0.17436793743167212	0.10494738279392146	0.4869936068258177	0.11999093010449029	0.11370014284409839
TCGA-E9-A226	3	0.27685242820668143	0.007659944270659081	0.08205906724855777	0.6326747222978125	0.0007538379762891487
TCGA-E9-A227	2	0.004547759321095411	0.005206656815226739	0.9225394510565909	0.04209609466757175	0.025610038139515096
TCGA-E9-A228	3	0.007621361006036595	0.10883354509647986	0.14601475255655585	0.695622790128987	0.04190755121194056
TCGA-E9-A229	2	0.04383954851489389	0.015146841505903497	0.7809635067855447	0.054748271037459884	0.10530183215619814
TCGA-E9-A22A	3	0.13222251070261953	0.022452415457777767	0.3595747534774224	0.4620166935557409	0.023733626806439468
TCGA-AR-A24W	2	0.010817104409944394	0.005292897897284726	0.8564525713256723	0.056235040597802974	0.07120238576929555
TCGA-AR-A24X	2	0.0038555960054947234	0.004615986044554602	0.9229181964467327	0.04175195851640183	0.02685826298681622
TCGA-AR-A24Z	3	0.0033554183267011936	0.013542595583810189	0.05775464003915037	0.918056876977228	0.007290469073110149
TCGA-AR-A250	3	0.012252153394166868	0.26875546721227733	0.09367237482013421	0.4929177629988113	0.1324022415746102
TCGA-AR-A251	0	0.9517902634803583	0.031063904340220643	3.72957592350516e-05	0.015722981729795527	0.0013855546903903749
TCGA-AR-A252	2	0.047859965131891474	0.008994696240310622	0.8103052741590069	0.047601540512286024	0.08523852395650498
TCGA-AR-A256	0	0.932823341429417	0.014585698532647762	0.003386559732262088	0.04918754014064991	1.6860165023319944e-05
TCGA-AR-A0U2	3	0.0016919684344506873	0.01912251445931023	0.17303307935124018	0.8059135369650154	0.00023890078998342439
TCGA-AR-A0U3	2	0.0021825899201022222	0.00695174557839964	0.84146663416571	0.14811028450368843	0.0012887458320997307
TCGA-B6-A0WT	2	0.04349734790606249	0.014777965580742068	0.768223045266367	0.11322175057244664	0.06027989067438175
TCGA-B6-A0X1	0	0.95998255233512	0.012688768288175471	0.015612389378698561	0.0021108147772554695	0.009605475220750557
TCGA-B6-A0X4	2	0.033790663814648264	0.009511372821091369	0.792456156927208	0.03214981108323208	0.13209199535382013
TCGA-B6-A0X5	3	0.10538939706296388	0.005472490749606878	0.475932847646938	0.3684965020566853	0.04470876248380607
TCGA-BH-A209	3	0.13982134632887183	0.03321193098461733	0.13700975584937788	0.6705568428770518	0.019400123960081155
TCGA-D8-A1Y2	3	0.05481617656156961	0.0035642361638268307	0.7929039781026993	0.13305501173662113	0.015660597435283162
TCGA-D8-A1Y3	3	0.05791218877253256	0.00014452675664217818	0.08442116762757171	0.852827286376742	0.004694830466511557
TCGA-E2-A1LI	0	0.8849678894811042	0.0006329481402993376	0.0707798005145555	0.002131972923193821	0.04148738894084699
TCGA-A2-A25B	3	0.01794898037257782	0.05375061927355239	0.04933847752254293	0.8781682337190844	0.0007936891122425359
TCGA-A2-A25E	3	0.023563596002150643	0.008481357456039037	0.44903780006680116	0.5130023481522847	0.005914898322724333
TCGA-A2-A25F	0	0.1473740291757567	0.01470691363383161	0.6985150290144105	0.04082880510048317	0.09857522307551798
TCGA-A7-A26E	2	0.007154228153621551	0.005795451519152189	0.8087657002844202	0.15312156719603778	0.0251630528467683
TCGA-A7-A26G	0	0.795698181423413	0.05448524084554503	0.019792852193092285	0.10604999684144915	0.023973728696500638
TCGA-A7-A26H	2	0.02313524591341395	0.014690527333100277	0.8563933082719437	0.09535228280796618	0.010428635673575938
TCGA-A7-A26J	2	2.0865646568201998e-05	0.001405397124347	0.8402263340253929	0.15539842131077305	0.0029489818929189656
TCGA-AR-A24H	3	0.019375263804395044	0.001026672834781724	0.08850528204755513	0.887240818010701	0.0038519633025671505
TCGA-AR-A24K	3	0.18006257378078763	0.004106574580777663	0.5243907436170566	0.27244294536143204	0.018997162659946033
TCGA-AR-A24L	2	0.005883860591348274	0.04273293160368402	0.8715446422743399	0.0359982463754334	0.043840319155194415
TCGA-AR-A24M	2	0.006886151609553259	0.021058252593330384	0.8292102413838824	0.10721777611655767	0.03562757829667635
TCGA-AR-A24N	3	0.034213811299163344	0.0015636965858065973	0.6769676912219299	0.2837593660467283	0.0034954348463717673
TCGA-E9-A247	2	2.1558352493608642e-05	0.004326142111419758	0.7721688398919941	0.22114987585814214	0.0023335837859502885
TCGA-E9-A248	1	0.16594136355001055	0.4693972695532672	0.2616145230568019	0.08424827407165551	0.018798569768264838
TCGA-E9-A249	3	0.00026247156453370577	0.001584644005699561	0.8401224408363699	0.15118538540019313	0.006845058193203878
TCGA-AQ-A0Y5	2	0.00027917127247565276	0.16732318654401301	0.7216069141699736	0.10278280516852333	0.008007922845014295
TCGA-GM-A2DN	2	0.015634125896582814	0.0060589247650038305	0.8488685357011045	0.04502881361904692	0.08440960001826178
TCGA-GM-A2DM	2	0.03922470934082836	0.010390832569199007	0.792691824307192	0.041253907629501395	0.11643872615327913
TCGA-AR-A24O	2	0.021491626414213663	0.007691627023353462	0.8405338481435377	0.052415183923784296	0.07786771449511098
TCGA-AR-A24P	2	0.0023110027726889644	0.00907847833193084	0.8357376204159176	0.14074496442105947	0.012127934058403176
TCGA-AR-A24Q	0	0.8157471287448028	0.015013788066372692	0.00102881994115557	0.1673160306605437	0.0008942325871253027
TCGA-AR-A24R	3	0.00043879292764906067	0.0063055693941095085	0.27067750058769185	0.7110339412593426	0.011544195831207138
TCGA-AR-A24S	3	0.3331485914655665	0.012829517703918299	0.041033213735261094	0.5880891954361687	0.024899481659085475
TCGA-AR-A24T	2	0.00227077997778609	0.006892992103060165	0.889854613908013	0.08700716121603116	0.013974452795109468
TCGA-AR-A24U	1	0.0054648753581075325	0.7825656339673284	0.06049870839350522	0.11738721706071571	0.03408356522034321
TCGA-BH-A201	2	0.056693109247854014	0.016293197697637922	0.7907973219017215	0.04749804350540178	0.0887183276473848
TCGA-BH-A202	3	0.008830155169298168	0.06076753787270071	0.13475963357179177	0.7937601951761171	0.0018824782100921862
TCGA-D8-A1X6	3	0.002577783178737478	5.520189568647715e-05	0.48070298534336126	0.5156552132764687	0.0010088163057458911
TCGA-D8-A1X7	3	0.09562924958196528	0.014236499086636214	0.6548795696255424	0.021854308522576936	0.21340037318327906
TCGA-D8-A1X8	2	0.016303742472950532	0.007480048567669966	0.8504935726627785	0.06319421472472404	0.06252842157187695
TCGA-D8-A1XJ	1	0.008680432703921185	0.7704206897690702	0.009502148280973769	0.1891947445726096	0.02220198467342514
TCGA-D8-A1XK	0	0.9257865581766836	0.004167885819555537	0.03456036333407027	0.012987477764214021	0.022497714905476602
TCGA-BH-A1FB	2	0.03526106454810857	0.00450310739183596	0.8383219280522411	0.04615562270795957	0.07575827729985478
TCGA-BH-A1FJ	3	0.0363294054459155	0.024558580449905675	0.5972411041187059	0.27054175116240897	0.07132915882306391
TCGA-C8-A27A	3	0.05179757004778085	0.12883324897724768	0.002229442298066003	0.8093066888333307	0.007833049843574653
TCGA-E9-A1RH	1	0.2582175046066158	0.631773832760415	0.008299714700276071	0.10068679404680037	0.0010221538858924794
TCGA-E9-A1RI	2	0.0016693615303853748	0.00617799906487334	0.7727950919704956	0.1798656200256557	0.03949192740858995
TCGA-AC-A23H	1	0.0022371035225889485	0.6971370698526153	0.05244481344677058	0.24663991549064032	0.0015410976873848484
TCGA-BH-A204	3	0.0004375967226528594	0.0037951848432176212	0.24382574574340898	0.7510403033144841	0.000901169376236388
TCGA-BH-A208	4	0.2277056211286949	0.006750106677135287	0.13462008952749188	0.07228341351945865	0.5586407691472193
TCGA-AC-A2B8	2	0.007249562530482261	0.003734086346867584	0.9130049146234049	0.05594072013356424	0.020070716365681078
TCGA-C8-A26X	1	0.01375213920554662	0.5485356149532418	0.1573397056958963	0.26577368928750866	0.014598850857806617
TCGA-C8-A26Y	1	0.28137253709519194	0.5807127092664135	0.09424611804079337	0.04098059051643747	0.0026880450811636236
TCGA-C8-A26Z	2	0.0004029693687837362	0.05840086843151172	0.6134431787007487	0.317089214299699	0.010663769199256887
TCGA-C8-A273	2	0.03526193665525084	0.0027330203945222656	0.7443172874100504	0.17262309138148785	0.04506466415868865
TCGA-C8-A274	3	0.03734834315430714	0.05933297689791491	0.6900193107867285	0.2101668593507304	0.0031325098103190184
TCGA-C8-A275	1	0.0015630763264638426	0.8705436335660229	0.05409228010378405	0.05288222933365749	0.020918780670071597
TCGA-D8-A27E	2	0.03527634368811319	0.010223034596559126	0.7966736793468939	0.03522446033820657	0.12260248203022728
TCGA-D8-A27F	0	0.9466872893572388	0.007393880784967905	0.013575936077812996	0.02361570964485073	0.00872718413512954
TCGA-E9-A1R7	3	0.001175884422845663	0.017939144093621445	0.4294366121608962	0.5471292349730594	0.004319124349577273
TCGA-EW-A1PH	0	0.8602719682518628	0.015167997851453494	0.0010144537282590317	0.12089900051557334	0.0026465796528514205
TCGA-AC-A2FK	4	0.03845189907222325	0.012407734982604841	0.6935309921897538	0.027609724711690355	0.22799964904372785
TCGA-AR-A2LE	2	0.004564575118729596	0.005188953643389514	0.9223189541865934	0.04609139191229338	0.021836125138994206
TCGA-A2-A25A	4	0.05607564082553106	0.011257228168771203	0.7818349112979902	0.037760010219807225	0.11307220948790038
TCGA-A2-A25D	2	0.0182647530730298	0.0023364334519955254	0.6422132705714714	0.3296104706488556	0.007575072254647567
TCGA-C8-A26V	3	0.0431459838756527	0.004196532225846273	0.5107759648216335	0.366045065098695	0.07583645397817258
TCGA-AC-A2FB	2	0.002855364970312641	0.08316631498314003	0.7179120718111958	0.057338917216094167	0.13872733101925727
TCGA-AC-A2FG	2	0.0049522844734193605	0.005433231709575216	0.9220414769002305	0.03834999486810592	0.029223012048669183
TCGA-D8-A27V	2	0.000269685979575944	0.0008917613840895742	0.8372913887380166	0.141474871215004	0.02007229268331395
TCGA-EW-A2FS	2	0.027286458251147797	0.02562700204362717	0.8213953662306074	0.07521662283662839	0.05047455063798916
TCGA-EW-A2FW	3	1.5473241542814046e-05	0.005302656592785645	0.5225433264407394	0.4579660223013427	0.01417252142358917
TCGA-D8-A1XY	2	0.012902392721925483	0.0032824044512884012	0.844112124290995	0.13434694990769117	0.005356128628099951
TCGA-E2-A1LG	0	0.12567759726893873	0.0013140130818106721	0.33103037300472765	0.5399007025023298	0.002077314142193202
TCGA-E9-A1N4	2	0.0007564735083381823	0.001340048624407884	0.7548656329600285	0.21847549926019041	0.024562345647035085
TCGA-E9-A1NG	2	0.007874385053809677	0.00668041125843101	0.8878646796997056	0.07119499038522889	0.026385533602824734
TCGA-AR-A2LK	3	0.00043689637056953804	0.00044483225555055195	0.5915997050878191	0.40688443361513577	0.000634132670925117
TCGA-E9-A2JS	3	0.0010763594377084613	0.024223151263133257	0.06881817619997858	0.9057104419578038	0.00017187114137578582
TCGA-GM-A2DD	4	0.23912530015301064	0.08001646243387052	0.020835864819209765	0.08214609851912119	0.5778762740747879
TCGA-GM-A2DF	0	0.7836347772237355	0.015079111461723894	0.09108781816597673	0.08215371712155163	0.028044576027012203
TCGA-GM-A2DH	1	0.12215812224912094	0.19039130784349872	0.5342990300647217	0.05820657417382428	0.09494496566883444
TCGA-GM-A2DK	2	0.018869587335328935	0.028620084877578167	0.794219353863361	0.08911286761886238	0.06917810630486954
TCGA-D8-A27G	2	0.002215692485859499	0.015373572186553778	0.9196461082846912	0.042485339704736454	0.020279287338158983
TCGA-D8-A27H	0	0.8173107340040652	0.0038734174832756414	0.0015398039091389561	0.17697016586371642	0.0003058787398037589
TCGA-D8-A27K	2	0.012246477196967049	0.006158073140375466	0.8508333973828698	0.05270050403770887	0.07806154824207884
TCGA-D8-A27M	0	0.8641370880544629	0.006263110867586637	0.06115361060073502	0.051101389038344824	0.017344801438870603
TCGA-D8-A27N	3	0.0014144826125573283	0.05290400531958421	0.1428359585322473	0.7807862913756114	0.022059262159999746
TCGA-D8-A27P	2	0.00399358868653977	0.004722196277493552	0.9204615022315794	0.045099844367097595	0.02572286843728962
TCGA-D8-A1XL	3	0.11447616473470705	0.07326209138926952	0.03577726890543931	0.7753241467699895	0.001160328200594666
TCGA-D8-A1XO	2	0.006423814427576023	0.007931464528067164	0.8932528817216603	0.0831208552791382	0.009270984043558346
TCGA-D8-A1XQ	0	0.9235561831089178	0.0007077043410463832	0.02733716180450931	0.04788239107131745	0.0005165596742090612
TCGA-D8-A1XR	3	0.0005047712079855041	0.0018118755231349582	0.6016505682145057	0.37977124979279997	0.01626153526157397
TCGA-D8-A1XT	1	0.18018542639655183	0.7837727966914946	0.002909397202356503	0.004253113440681422	0.02887926626891569
TCGA-D8-A1XV	2	0.014804276905064357	0.007281256406424333	0.8035363299559486	0.107335296995242	0.06704283973732078
TCGA-D8-A1XW	4	0.4847906971586961	0.0002527884797072562	0.005883189692063058	0.0007914079967920582	0.5082819166727415
TCGA-EW-A1P3	2	0.005945407639406724	0.01149061853420615	0.8666486437375582	0.08479318961619511	0.031122140472633786
TCGA-EW-A1P6	2	0.04575980375400845	0.0004358892070752501	0.46020333036978994	0.4890834928919437	0.004517483777182685
TCGA-EW-A1P8	0	0.9261991441577848	0.02989855215077585	0.025055280227079445	0.0063314864846169576	0.012515536979743013
TCGA-EW-A1PA	2	0.18122206889656645	0.18477301952964703	0.4904498045405276	0.10345072217422008	0.04010438485903895
TCGA-EW-A1PG	4	0.03201988316065132	0.030471203727843097	0.14401960011560322	0.04029666306218689	0.7531926499337154
TCGA-A2-A1FZ	2	0.12401900665712923	0.0175301020403548	0.7583014311815623	0.06529528617352562	0.03485417394742801
TCGA-BH-A1FU	4	0.016697523145041183	0.12223201129910827	0.43345067921229813	0.17186515327050608	0.2557546330730464
TCGA-D8-A27R	3	0.06413081757455816	0.0073170465224856405	0.06389598024937378	0.8602997075335556	0.004356448120026988
TCGA-D8-A27W	3	0.001976915027764735	0.002504978700085276	0.34581081587552864	0.6475277277163836	0.0021795626802378273
TCGA-E9-A1R0	2	0.016010219102241166	0.006393339341564726	0.8561973656291209	0.06804982599761557	0.053349249929457616
TCGA-E9-A245	2	0.03085070714249456	0.00940186166859919	0.7931461145496168	0.03367429428326526	0.13292702235602405
TCGA-E9-A295	2	0.00015995453095131142	0.0010058909303337197	0.8435651468117281	0.15081132260023655	0.004457685126750428
TCGA-AR-A2LH	4	0.0352870914437219	0.004853014314842373	0.7830143353552352	0.03299762913018325	0.14384792975601726
TCGA-AR-A2LN	2	0.016491429545931805	0.007363125596172157	0.8373929311220942	0.04782964068405034	0.09092287305175145
TCGA-AR-A2LO	2	0.012537441480749806	0.005810830806843566	0.823485997696263	0.12072759843560976	0.037438131580533864
TCGA-AR-A2LQ	4	0.02926210448421686	0.01066529742175076	0.7934186658257292	0.03857060248410678	0.12808332978419648
TCGA-AR-A2LR	0	0.9547557343396024	0.0005130022291277787	0.0028336229775518485	0.04148300464809299	0.00041463580562499565
TCGA-BH-A2L8	2	0.013457577233071847	0.003072921506170932	0.8850257662682494	0.039949798119259805	0.058493936873248074
TCGA-E9-A2JT	2	0.03374895860195882	0.008929583603246492	0.8083223183785057	0.04373311667395069	0.10526602274233829
TCGA-GM-A2DA	2	0.0006671031666699308	0.1684712610888682	0.698141029359252	0.1054493006754385	0.027271305709771303
TCGA-GM-A2DC	2	0.0011466562810356178	0.0011903024830413724	0.5534043965758876	0.4435044051656622	0.000754239494373072
TCGA-GM-A2DI	2	0.018563378247434013	0.0062826252763786405	0.9137406675486114	0.026252071795348133	0.035161257132227876
TCGA-A2-A3KD	2	0.023697897152430376	0.003925809470418722	0.8235025881785669	0.10709923720455101	0.041774467994032984
TCGA-A7-A3J0	2	0.10460682608795417	0.02394706426302967	0.7357807355048288	0.09036071871688883	0.045304655427298425
TCGA-A7-A3IZ	2	0.0004094891610992579	0.0021399816279687785	0.8999611574365101	0.09359178936169346	0.0038975824127286574
TCGA-AC-A23G	2	0.01698411172252247	0.005168814285354942	0.8660685733838936	0.04871088713123598	0.06306761347699298
TCGA-A7-A3J1	2	0.00034162436262525405	0.0040532616644347605	0.6184033093408579	0.36758446816668466	0.00961733646539746
TCGA-AC-A3HN	2	0.003972774497125053	0.003084677404944534	0.9384732196543023	0.032127748641101884	0.022341579802526174
TCGA-C8-A3M8	3	0.012749803852622829	0.011196980555093458	0.6040892751897818	0.3478853325099348	0.02407860789256709
TCGA-E2-A3DX	2	0.016050251222885656	0.009004832915669735	0.832584313277586	0.044675556493050966	0.09768504609080762
TCGA-A7-A3IY	2	0.030389999547604244	0.009385450835275649	0.7998682755993646	0.03805275578057753	0.12230351823717785
TCGA-AC-A2BK	0	0.8004142300569694	0.12434441817264409	0.0002552954722121391	0.06695223104070076	0.008033825257473556
TCGA-AC-A2BM	3	0.0006311890951553828	0.0015341970573010447	0.4555911042159269	0.5377421539089745	0.0045013557226421886
TCGA-C8-A3M7	2	0.007645629739500421	0.006804893590305011	0.8251679515421071	0.09049466199880768	0.06988686312927991
TCGA-B6-A0I1	0	0.8748303963316655	0.0032181427778526827	0.09997989354033888	0.017067736114460042	0.0049038312356829315
TCGA-E9-A3Q9	2	0.03340182374122542	0.009448372655532982	0.7967968649461035	0.03328006374416486	0.12707287491297337
TCGA-GI-A2C9	0	0.9808694158872667	0.0032364974692409756	0.0011535198528106307	0.013930885396534587	0.000809681394147034
TCGA-GM-A2DL	2	0.021717576079410196	0.0041450377104755316	0.7870361754653485	0.14555191797839817	0.04154929276636748
TCGA-GM-A2DO	3	0.02289330734594518	0.00789180857949626	0.7862264572765594	0.11557424403109151	0.06741418276690768
TCGA-BH-A0B9	0	0.6419416918804101	0.027304588386879894	0.19262487810392334	0.10943867489014256	0.02869016673864412
TCGA-E2-A1BD	2	0.0024605646262020994	0.0011730102998009997	0.9158156538460653	0.07212564803438898	0.008425123193542647
TCGA-BH-A1ES	2	0.06942374717296522	0.004678916814702943	0.8905091988011222	0.021469599613383974	0.013918537597825607
TCGA-E2-A1B6	0	0.2747708234297428	0.01178413291889803	0.5948192905726215	0.045009104600328025	0.07361664847840974
TCGA-A7-A13H	2	0.0016267678086353866	0.0044579900717837545	0.8744553467235828	0.08063517346882267	0.03882472192717544
TCGA-E2-A2P6	2	0.005810993417918945	0.003748915953706069	0.9276555262315884	0.04887591806316214	0.013908646333624389
TCGA-A2-A0CO	2	0.004666031046097398	0.0029142417711637723	0.9010471605434995	0.06989937004135625	0.02147319659788309
TCGA-A7-A3RF	2	0.03236976828541246	0.009561926552553132	0.7950878237107051	0.032677813051647374	0.13030266839968208
TCGA-E2-A14U	2	0.03268189622359933	0.006513180334583279	0.8824282482906904	0.03163941337803131	0.04673726177309566
TCGA-E2-A2P5	2	0.00038155609739848047	0.0001975912714411639	0.7956653845995121	0.2031055766756492	0.0006498913559991255
TCGA-A2-A0EP	2	0.022033648734065027	0.008192903898349993	0.826334566072539	0.03280675913991871	0.1106321221551272
TCGA-A2-A3XT	0	0.8924209812271202	0.002509235178660342	0.015104359507896506	0.08161174481017532	0.008353679276147606
TCGA-A2-A3XU	0	0.7522473352391817	0.0006393966352786886	0.19253243822965263	0.04719681326779269	0.00738401662809419
TCGA-A2-A3XX	0	0.8249616091880707	0.000741449358153883	0.018559155580381438	0.0029281384159302714	0.15280964745746373
TCGA-A2-A3XW	4	0.01284419393319528	0.01066669692498927	0.743495668923433	0.04987107563773109	0.18312236458065143
TCGA-A2-A3XY	0	0.6884434540773905	0.019562972830558023	0.12631990211759997	0.09841242314035391	0.06726124783409752
TCGA-A2-A3XZ	1	0.00929371548760764	0.6915956816374044	0.1466310906200306	0.0404869891691634	0.11199252308579405
TCGA-A2-A3Y0	0	0.8827635413723837	0.018606284653661338	0.07729721204722893	0.019638968618898484	0.001693993307827679
TCGA-AC-A3QP	2	0.014370324401790827	0.0032487789287918875	0.9102848712140145	0.05460945909759687	0.017486566357805922
TCGA-A7-A426	2	0.010916930292853231	0.002618890370167522	0.9076533745777247	0.06058768344182135	0.018223121317433227
TCGA-LL-A442	2	0.03305721644283825	0.010101936544941924	0.7965534316765925	0.034752185390400696	0.12553522994522653
TCGA-AC-A3YJ	2	0.03897843382892875	0.009476819717589716	0.8010519974192328	0.03646493042632049	0.11402781860792816
TCGA-B6-A401	2	0.07970051127104913	0.010301042709203914	0.7711277164082995	0.08576846325503067	0.05310226635641672
TCGA-B6-A400	0	0.856728324444702	0.016113309983401474	0.001426884263225396	0.12455377489363079	0.001177706415040348
TCGA-B6-A402	0	0.8837046416471437	0.052415367570180796	0.0016153759918739925	0.06030136218244961	0.0019632526083519907
TCGA-B6-A408	2	0.0031588865584997617	0.0023099092919162557	0.8946875457239294	0.09367991503824118	0.006163743387413425
TCGA-B6-A40B	2	0.00031277726050659154	0.001601809553838416	0.8469625407892168	0.14501820353836295	0.006104668858075181
TCGA-B6-A409	0	0.8317635086776464	0.020879270329417773	0.06592508504650955	0.0011312587933032794	0.08030087715312303
TCGA-B6-A40C	2	0.011135535329870836	0.0021977698808320558	0.94358918445907	0.02664451034701005	0.0164329999832171
TCGA-BH-A42T	3	0.004568386674841585	0.0285881386343786	0.23713380338410794	0.7277444848111421	0.001965186495529814
TCGA-BH-A42U	4	0.02440257279770609	0.00942782325325033	0.8005135766498065	0.04248163619019884	0.1231743911090382
TCGA-D8-A3Z5	2	0.006370944952363501	0.005961167421561815	0.9199120340778429	0.03275833458302588	0.03499751896520585
TCGA-D8-A3Z6	2	0.0030192166812253716	0.007314153333200957	0.881116221253374	0.10326021776150969	0.0052901909706899175
TCGA-E9-A3X8	2	0.015909525321818236	0.003123611988238881	0.8360266213880118	0.09580521659154875	0.04913502471038226
TCGA-LL-A441	4	0.1679306349875599	0.007826616964823428	0.2614727946111224	0.022119871196351466	0.540650082240143
TCGA-AC-A3YI	4	0.03888347742491559	0.011809150868958987	0.7984146898081588	0.061314400237206815	0.08957828166075991
TCGA-A2-A0CK	2	0.0032609867149153357	0.005440128902137965	0.9247871879260865	0.04677241584244351	0.019739280614416647
TCGA-A2-A0CR	2	0.027350526235006882	0.0072613684001290564	0.8307527381027996	0.04436361160672182	0.0902717556553426
TCGA-AC-A3TM	2	0.0025135157051366275	0.005580218147974744	0.9282100877795673	0.03514964522460001	0.028546533142721327
TCGA-AC-A3TN	2	0.01256547016148303	0.010197415655575756	0.8717646056210592	0.05663313749713105	0.04883937106475085
TCGA-AC-A2FE	2	0.006405588706679796	0.009250368615985166	0.8455342438664399	0.04971720026223225	0.08909259854866275
TCGA-AC-A2QI	2	0.010391281148488326	0.004532302334981619	0.8923583554457474	0.07552250606515273	0.017195555005629946
TCGA-AC-A2QJ	0	0.681090897384562	0.002306941776901725	0.21672386906733676	0.09263045177595337	0.007247839995245929
TCGA-AC-A3EH	2	0.0004252433579196044	0.0006240070701927168	0.821845146860319	0.17458262575938732	0.0025229769521814722
TCGA-AC-A3BB	2	0.010971097234194588	0.007495829913732401	0.8407684908557664	0.10636261721791858	0.03440196477838787
TCGA-AC-A3W5	1	0.00016951808222128416	0.766818363776866	0.09343605098411874	0.13183861257885843	0.007737454577935459
TCGA-AC-A3W7	2	0.005926031301784983	0.004018210606568278	0.9256004077955798	0.045120036028856204	0.01933531426721076
TCGA-AR-A2LJ	2	0.0012201422635801534	0.053390122289984375	0.7390176525328899	0.12488228297103224	0.08148979994251326
TCGA-AR-A1AM	2	0.01134600628802358	0.004849818543960557	0.8497209710208433	0.06555195120805131	0.06853125293912125
TCGA-E2-A107	2	2.8262377725783887e-05	0.002631485803772728	0.6897289392089907	0.30452849521610076	0.003082817393410073
TCGA-EW-A424	2	0.001860815480260057	0.007979558029803628	0.9357376904554873	0.038193277974021556	0.01622865806042756
TCGA-GM-A3XL	0	0.9146570186641695	0.0054877581437708855	0.029164816681808852	0.04780945122113159	0.0028809552891191415
TCGA-GM-A3XN	2	0.010901425952118229	0.0033625057306481965	0.8861542971214271	0.036999408006307105	0.06258236318949943
TCGA-JL-A3YW	1	0.14586848516129436	0.6795898668955951	0.020164128599473356	0.1309345286101844	0.023442990733452757
TCGA-JL-A3YX	2	0.0024243913692238613	0.003407614929069851	0.8495615660966729	0.13869863424977322	0.005907793355260065
TCGA-E2-A1LE	1	0.03427262773430516	0.8861004454778569	0.0035410288099762266	0.05930078042996489	0.016785117547896685
TCGA-EW-A3U0	0	0.9263123773757673	0.016572284777164138	0.001036281725742293	0.04604872936851437	0.010030326752811972
TCGA-GM-A3NW	2	0.0003151324202969602	0.0011066087098899212	0.9134097679916021	0.0785148099955868	0.006653680882624216
TCGA-D8-A4Z1	2	0.03044280664941217	0.00620339530494699	0.8304653161034781	0.053906164783436794	0.07898231715872595
TCGA-A2-A4S3	3	0.008458552746444218	0.03016050477442915	0.24844191469257704	0.7072407158658574	0.0056983119206924105
TCGA-A2-A4S2	2	0.0033739107588159445	0.0008017908746966755	0.9606886920100384	0.03340376160267861	0.0017318447537703924
TCGA-A7-A4SE	0	0.7980848552694634	0.005119603588887236	0.14799958964298177	0.040398796133482275	0.008397155365185403
TCGA-A7-A4SF	1	0.023898746507330346	0.8419063103694353	0.011009902356187673	0.055669414121684996	0.06751562664536168
TCGA-AQ-A54O	3	0.010400727855604818	0.009214499115798452	0.23200664031549867	0.7452156319632364	0.003162500749861756
TCGA-AQ-A54N	0	0.8366167558624666	0.08008069443563273	0.007926005794443709	0.0746158628579709	0.0007606810494860472
TCGA-A2-A4RW	2	0.61397683682617	0.01196215657444932	0.32908428694857605	0.006133657150134699	0.03884306250066981
TCGA-LL-A50Y	2	0.002544377724284306	0.0036175792671775298	0.9224888794279021	0.04990928787648495	0.021439875704151228
TCGA-A7-A4SB	2	0.0005053295539345486	0.00011826530784714886	0.9365972224760641	0.05062664115538688	0.012152541506767296
TCGA-A2-A4RX	0	0.36209091895844825	0.0008332894569726708	0.54035252268901	0.06192832984373418	0.034794939051834804
TCGA-A2-A4RY	4	0.0244417058082692	0.007719020655199426	0.6964300968951675	0.034175662120094166	0.2372335145212696
TCGA-A2-A4S0	2	0.03283457157713319	0.009703098532170721	0.7938483569547488	0.03251399139555425	0.13109998154039304
TCGA-LQ-A4E4	2	0.009477610258318428	0.0030362333112865032	0.9005465337574565	0.07519741973538192	0.011742202937556482
TCGA-A7-A4SA	2	0.22423493328656452	0.004798650219938702	0.7189486851125014	0.03400837424933845	0.018009357131656925
TCGA-MS-A51U	2	0.015286987098133985	0.006224938768926119	0.8905629047042178	0.04578077433459993	0.04214439509412218
TCGA-A7-A5ZV	0	0.9947807719106382	0.0032410307000196193	0.0016334413988544746	2.453588585526865e-06	0.0003423024019023508
TCGA-AC-A5EH	1	0.002038973912795281	0.13399583973050194	0.4274699848144943	0.4235133765615806	0.012981824980627915
TCGA-AC-A5XU	2	0.0069957093136175826	0.08929125979473325	0.8275207578926645	0.05750516445103694	0.018687108547947612
TCGA-AR-A5QN	2	0.0018582914017993522	0.003000220533718025	0.8870933617821674	0.10511092837927823	0.002937197903037122
TCGA-AR-A5QQ	0	0.04377390299437912	0.006268553991177809	0.7989053561651225	0.07679439178045482	0.07425779506886582
TCGA-E9-A5UO	3	0.0018041395194219306	0.06693014552883336	0.3650704685597897	0.5578352859072143	0.008359960484740669
TCGA-AR-A5QP	2	0.06311333703617775	0.004648644389378757	0.8611272581606594	0.05158467178242931	0.019526088631354833
TCGA-GM-A5PV	2	0.010056501804299059	0.003674337640806964	0.8679192597437824	0.07701559512830439	0.04133430568280741
TCGA-GM-A5PX	2	0.00804358197173938	0.010146377199350076	0.7452600954553197	0.0229268979552646	0.2136230474183263
TCGA-OL-A5RY	4	0.0018796709567593286	0.37748409002207434	0.107693311858801	0.0077842848917730485	0.5051586422705924
TCGA-OL-A5RX	2	0.01331165746624213	0.0056688650321872905	0.8534829970998844	0.04921955291137434	0.07831692749031195
TCGA-OL-A5RZ	1	0.0001334769156477072	0.7786512373878592	0.0017242211132505031	0.21521213330749708	0.004278931275745494
TCGA-OL-A5RV	2	0.0023461731853619628	0.007056590977008352	0.9056574046057392	0.049994414005858065	0.034945417226032484
TCGA-OL-A5S0	0	0.9048304333332249	0.02573406013781556	0.0672447613891686	0.0006008761663264659	0.00158986897346451
TCGA-A7-A56D	2	0.08458820599452056	0.019362774806567243	0.7930739438022462	0.10081391719707516	0.0021611581995909417
TCGA-AR-A5QM	2	0.001550277905802556	0.002313966156315884	0.93559407274909	0.035282639721768254	0.0252590434670234
TCGA-E9-A5FK	2	0.009887071101960344	0.005821550057302434	0.8266221618633273	0.10870132937600652	0.04896788760140345
TCGA-BH-A5J0	2	0.07192384838976097	0.024305743726100944	0.6940027577607712	0.20694240348979093	0.0028252466335759105
TCGA-E9-A5FL	0	0.770719009918637	0.01940697624471241	0.13380754371320006	0.026274525779766265	0.049791944343684245
TCGA-LL-A5YM	3	0.04857987134373233	0.016881223591969304	0.09537481097783276	0.8369268189563047	0.002237275130160923
TCGA-LL-A5YN	2	0.019730677065425983	0.058861896562664766	0.49804436577636874	0.4014451570503443	0.021917903545196224
TCGA-OL-A5D6	4	0.02495193588430585	0.00644307514427392	0.6125491913566952	0.047966207836081264	0.30808958977864365
TCGA-OK-A5Q2	2	0.003861520226686235	0.007863878468731694	0.90887956928488	0.048947334832471316	0.030447697187230793
TCGA-OL-A5D7	0	0.9639345029892284	0.0077862612136306185	0.0020993328374257145	0.018637737324562115	0.007542165635153093
TCGA-OL-A5D8	2	0.055305474894861394	0.002644018455790334	0.896651386669897	0.04432689237352345	0.0010722276059277251
TCGA-OL-A5DA	2	0.0074713861391627915	0.0028271624565249518	0.8823854828200689	0.09068525256553411	0.01663071601870929
TCGA-OL-A5RU	2	0.034671484606182995	0.009485026819475686	0.7954681525366261	0.03278507932779644	0.1275902567099188
TCGA-PE-A5DC	2	0.04627601231755786	0.002504473347866399	0.7079308540818783	0.2348373223334411	0.008451337919256405
TCGA-OL-A5RW	0	0.7332763823240881	0.0031926147619210287	5.408154820744921e-07	0.26352755631466596	2.9057838428215227e-06
TCGA-PE-A5DD	2	0.022048153317326746	0.0030696134879807	0.8261969708493347	0.12118296445380469	0.027502297891553163
TCGA-PE-A5DE	2	0.041484749036854084	0.0027341013756997314	0.8699318371466406	0.04386347790102622	0.0419858345397795
TCGA-HN-A2OB	2	0.011317387513638385	0.007370200167756873	0.8220451775063258	0.0712955049725485	0.08797172983973049
TCGA-A7-A5ZW	2	0.01869966599211685	0.006055227499190606	0.8466276631816736	0.05140054746490988	0.07721689586210914
TCGA-A7-A5ZX	2	0.020342687527131736	0.007662258799395385	0.8541238849423235	0.03813311645511718	0.07973805227603215
TCGA-AC-A5XS	2	0.01165982025946241	0.006361260473807336	0.9165161831036784	0.034109062459105055	0.03135367370394674
TCGA-AC-A62Y	2	0.5718810456112631	0.030322986711650943	0.2993962261935144	0.04811532035240624	0.050284421131165394
TCGA-E2-A56Z	3	0.0007879516219447954	0.004155482969766012	0.6210773862132573	0.3394645928033746	0.0345145863916573
TCGA-E2-A574	0	0.8212101275376535	0.11043196063816543	0.0007010785832287703	0.056644385108251157	0.01101244813270109
TCGA-LL-A5YL	2	0.0014594355406334254	0.00717427779449744	0.8965595910710502	0.08337194177821493	0.011434753815603823
TCGA-OL-A66H	2	0.035889468644381396	0.009779495250256403	0.7934699612701768	0.03257515253485472	0.1282859223003307
TCGA-AC-A62V	3	0.025294806390505672	0.001396345808896901	0.5032642415291385	0.4612949728337684	0.00874963343769055
TCGA-E2-A576	2	0.0006733972577113569	0.0035994957754659626	0.3952930695832293	0.5975563805494246	0.0028776568341687295
TCGA-E9-A6HE	2	0.004910918994245448	0.005403409955927235	0.9198634170826596	0.04645751870609784	0.023364735261069768
TCGA-LD-A66U	2	0.00028542494342107514	0.005964851066561466	0.8551616479062975	0.10350162210540771	0.03508645397831232
TCGA-LL-A6FR	0	0.8763048255041499	0.01396456413949026	0.025330348659958184	0.06512799748171018	0.01927226421469162
TCGA-OL-A66L	2	0.004516034334292787	0.005057748118494681	0.9233660989709782	0.044135221996385324	0.022924896579849082
TCGA-EW-A1IZ	2	0.022838008437684035	0.009463288718364028	0.8421901433821729	0.04234735639202058	0.08316120306975844
TCGA-E9-A1RG	3	8.696281335920016e-06	0.002839128018795249	0.3965009025712575	0.5999182279879016	0.0007330451407097103
TCGA-EW-A6SA	3	0.021944983343930403	0.0017139775938419916	0.2569972460536065	0.7177603713215246	0.001583421687096459
TCGA-EW-A6SB	0	0.5433613554292595	0.011120004003292383	0.35441909288403206	0.007730671563310938	0.08336887612010514
TCGA-LL-A73Z	4	0.16044726523167985	0.0016846606030064388	0.4681500342072727	0.02012543048314657	0.3495926094748945
TCGA-LL-A740	2	0.03739931610384552	0.009852071057992667	0.8029708938766313	0.09758096510561753	0.05219675385591294
TCGA-BH-A6R9	4	0.02582531578294383	0.006184522699061904	0.7618637300762197	0.06257491374699783	0.14355151769477678
TCGA-D8-A73X	2	0.003680564639430388	0.002979460665046577	0.9445145846133819	0.036327592565233324	0.012497797516907811
TCGA-S3-A6ZF	3	0.002135866060571397	0.010082207700380465	0.189990724689117	0.7899860223879934	0.007805179161937841
TCGA-S3-A6ZG	2	0.0002003780527884437	0.00492100950817	0.7711707696799484	0.2186644772689563	0.005043365490136805
TCGA-S3-A6ZH	2	0.015333811333609258	0.01904637637448307	0.7589355717543858	0.16053009626992484	0.04615414426759722
TCGA-A7-A6VV	0	0.9346421708073198	0.027254825418364735	0.005016916450440338	0.014633201361249902	0.018452885962625242
TCGA-A7-A6VW	0	0.9423329951298784	0.0033282694423253565	0.035022391399026354	0.0037744386822952916	0.015541905346474476
TCGA-BH-A6R8	2	0.003894293718467538	0.0015507255622331756	0.9411671445551631	0.045449060716921376	0.007938775447214693
TCGA-AC-A6NO	2	0.003886186770367615	0.0035535727779213047	0.9198234339363955	0.05597280836650403	0.016763998148811535
TCGA-EW-A6S9	2	0.008151144100328581	0.10477186258786153	0.684616100783474	0.18505698898915884	0.017403903539177076
TCGA-D8-A73U	2	0.016840455318546742	0.007611443976240981	0.8187855570026428	0.10910181283569624	0.04766073086687335
TCGA-EW-A6SD	1	0.0678937453353379	0.7272617948994422	0.04070046861704594	0.15800040866769813	0.006143582480475816
TCGA-A7-A6VY	0	0.7885058630412687	0.041071932604942615	0.07840368432473283	0.06581664543214114	0.02620187459691476
TCGA-OL-A6VR	2	0.022584788775168178	0.0015066145483429083	0.6371313471171353	0.33197563958292803	0.006801609976425632
TCGA-AC-A6IW	0	0.8578413101492133	0.019080466999696566	0.05020230527102965	0.05486210957428814	0.01801380800577243
TCGA-LL-A73Y	0	0.7811390637278744	0.0019665049246614216	0.20108219724667428	0.0094329900144265	0.006379244086363286
TCGA-OL-A6VO	0	0.9802199285265158	0.011900626319144871	0.0022273323561596225	0.002145262586506915	0.003506850211672905
TCGA-V7-A7HQ	2	0.01586191040985417	0.0016152950980875347	0.7565901503529893	0.21073428689979956	0.01519835723926945
TCGA-A2-A4S1	0	0.7872556371875566	0.004174986541710097	0.16256098032780117	0.020594683185449717	0.02541371275748238
TCGA-BH-A8G0	2	0.020087878469524884	0.007695531943969123	0.8280304095900959	0.04136769636615204	0.10281848363025806
TCGA-LD-A7W5	2	0.20082772183550357	0.007128043901574684	0.6014048813218693	0.12438686378268904	0.06625248915836343
TCGA-LL-A7SZ	2	0.014703344124967694	0.003654519464578077	0.6437637122016963	0.3340620333830845	0.00381639082567339
TCGA-LD-A7W6	2	0.01170106689845797	0.0059290786072741155	0.8471000086556963	0.0783471024281051	0.05692274341046646
TCGA-LL-A7T0	3	0.00936572480497206	0.006601233770485683	0.08909715721539288	0.8859367114157266	0.008999172793422808
TCGA-AC-A7VC	0	0.5840350881730217	0.00517910834543195	0.33751530354643156	0.05404432254291122	0.019226177392203427
TCGA-AC-A7VB	3	0.01648674605233372	0.002225611334412354	0.08190950468967054	0.8977891939886858	0.0015889439348975333
TCGA-AQ-A7U7	2	0.032726991153320964	0.0023803688862392373	0.8466659268504542	0.02157949822404719	0.09664721488593837
TCGA-BH-A8FZ	4	0.0074774774361196766	0.01095795229463291	0.5033553666445855	0.032671557179409456	0.4455376464452526
TCGA-BH-A8FY	2	0.0004398781859445406	0.0001468113599564518	0.9844331020624372	0.013373621887481753	0.001606586504180091
TCGA-C8-A8HP	1	0.00714268892477997	0.7846820939238864	0.13456461129126648	0.044428840706059826	0.0291817651540072
TCGA-C8-A8HQ	3	0.021758763392342277	0.00734461031904313	0.698052001536363	0.2309527013106834	0.04189192344156822
TCGA-LL-A8F5	0	0.9466101390610752	0.008779717290186107	0.000662085423562538	0.03925986257401066	0.004688195651165462
TCGA-XX-A899	2	0.0047902488459124455	0.006629083505876457	0.9133907373778534	0.05463501015552338	0.020554920114834306
TCGA-W8-A86G	2	0.003483959649368311	0.002868575828447994	0.9366687504232453	0.040218352115266864	0.016760361983671652
TCGA-PL-A8LZ	0	0.8813548336976168	0.02763471370315887	0.023242494681043193	0.008300097469476669	0.05946786044870439
TCGA-3C-AAAU	2	0.23789735598456593	0.004570854000911551	0.5614392208038079	0.15538660532304793	0.04070596388766659
TCGA-AC-A4ZE	2	0.004527666022213752	0.004820008172317465	0.8329504849972034	0.15129471032858868	0.006407130479676764
TCGA-S3-AA10	0	0.9433599458663409	0.0059998335101324385	0.035346088584902194	0.015098119776309947	0.00019601226231456508
TCGA-LD-A9QF	4	0.0033321002003123545	0.10210109781028968	0.4349564294921356	0.04253594380581336	0.4170744286914492
TCGA-WT-AB41	2	0.14626702873562117	0.08554464440969206	0.5996397092841359	0.11110102988091025	0.05744758768964057
TCGA-3C-AALI	1	0.01269812045320999	0.7209630512200805	0.0006621192586117435	0.26418753036765097	0.0014891787004466845
TCGA-S3-AA11	2	0.03526160438485609	0.010552752225932065	0.8233344887919729	0.012625489646016234	0.1182256649512228
TCGA-LL-A9Q3	2	0.02187720581376353	0.003742424373197394	0.8129122255656102	0.1343844430383679	0.027083701209061044
TCGA-WT-AB44	2	0.00041864094521623164	0.005300337558955028	0.8684784404554196	0.11819873417114735	0.0076038468692618605
TCGA-3C-AALJ	3	0.038192336307558	0.15439666480897446	0.03362185309870238	0.770539650681014	0.003249495103751153
TCGA-AC-A8OR	2	0.03150967749482463	0.008552163532272087	0.8456185339332978	0.04433048500173098	0.06998914003787468
TCGA-OL-A6VQ	2	0.005599163635550611	0.00559474045586198	0.9202912826170282	0.041190128248200474	0.027324685043358766
TCGA-Z7-A8R5	2	0.0008194233243305055	0.004194695576293023	0.9124747333986956	0.04248169072585197	0.04002945697482894
TCGA-S3-AA14	2	0.0024463638154647014	0.06772027960565917	0.7062824950009824	0.19914656028768	0.02440430129021381
TCGA-AC-A8OS	2	0.008552312444903811	0.0049667492723331425	0.9262433269135999	0.044068211168352425	0.01616940020081082
TCGA-3C-AALK	2	0.0008462754897082031	0.03851035252301278	0.754827693689621	0.15432535297702715	0.051490325320630845
TCGA-4H-AAAK	2	0.0022197263130933256	0.0012939332085796958	0.8939107578474047	0.09712944004282745	0.005446142588094878
TCGA-BH-AB28	2	0.00670274391039099	0.0056826676179662465	0.9218794644465073	0.03890805958421069	0.026827064440924794
TCGA-S3-AA15	0	0.1720311741168368	0.009343904676310175	0.6559269183473038	0.05486340878310095	0.10783459407644835
TCGA-PL-A8LV	0	0.9327521967893917	0.03239412066027682	0.007688578159376172	0.025273206597404355	0.0018918977935509342
TCGA-5L-AAT0	2	0.005702090857342747	0.0044775790123742065	0.8979102469699676	0.0641435503458819	0.02776653281443351
TCGA-PL-A8LY	4	0.07327399818823636	0.014797218775521946	0.37230920498467995	0.013521254366734334	0.5260983236848273
TCGA-5T-A9QA	3	0.03215138849377965	0.002353138676548903	0.039716853271681944	0.8211760119269036	0.10460260763108595
TCGA-5L-AAT1	2	0.009727637197180148	0.026551841085136592	0.8203009454290805	0.03214679521785595	0.11127278107074681
TCGA-E2-A9RU	3	0.0729035444227231	0.0006684734383038503	0.010847796717597129	0.9146772047982519	0.0009029806231239286
TCGA-UU-A93S	1	0.0745092193302012	0.8992724438392482	0.0014468491541624684	0.012764721171027003	0.01200676650536123
TCGA-E9-A54Y	3	7.80906919662657e-05	0.00015992780404364002	0.15601357580461675	0.8435933817792858	0.0001550239200875692
