sample_id	label	num_0_0	num_1_0	num_2_0	num_3_0	num_4_0
TCGA-A1-A0SE	2	2.3094405055264393e-11	1.0332982177362338e-13	0.9999967888660329	3.2109566868746386e-06	1.5408243509600487e-10
TCGA-A2-A0ST	0	0.9534434065720347	0.00010425439948162959	0.005503439270096547	2.358901815890625e-10	0.040948899522496994
TCGA-A2-A0T4	2	3.5006533243249525e-13	9.707801135030741e-11	0.9997777964357467	0.00022220346674718412	7.801449668845392e-14
TCGA-B6-A0RM	2	2.158845032531381e-14	1.2208155463681752e-11	0.9504592195295674	0.04954078042475337	3.344939343345164e-11
TCGA-B6-A0RN	2	2.2112995102573055e-13	2.3789480876007674e-08	0.9999885095586051	1.146665169289349e-05	1.4992548398819363e-17
TCGA-BH-A0DH	2	1.6332961310736178e-11	1.4497507914188565e-08	0.9994284630074923	0.0005715224349645768	4.370232350555148e-11
TCGA-BH-A0DQ	2	3.398481342358968e-08	1.7736599211463901e-09	0.9981005069430193	0.0018993953922819846	6.190622547312954e-08
TCGA-AO-A0JJ	2	2.6182881772329727e-10	2.2548398274750614e-11	0.9983691194273114	0.0016308730577907187	7.2305206545181405e-09
TCGA-AO-A0JL	0	0.9965829976956276	2.0485265216458022e-05	5.477142849204146e-06	0.0033722955533999803	1.874434290676571e-05
TCGA-AO-A0JM	3	2.2168277925721798e-10	5.843609183420353e-07	0.0002632595248632246	0.9997361558924237	1.1184961910604345e-13
TCGA-B6-A0IK	1	0.0038179106044721033	0.9961638725284948	1.3557281760378752e-05	1.6380463178045372e-13	4.659585108764983e-06
TCGA-B6-A0RE	0	0.9999999995652621	3.9223652757410295e-10	1.0087267932924697e-15	1.436833042701429e-25	4.250035663618529e-11
TCGA-B6-A0RG	2	2.316538682281798e-16	4.698497716499643e-08	0.9999991445214467	8.084935757352597e-07	1.708400082884046e-16
TCGA-B6-A0RI	2	1.027540884612284e-09	5.579876030253131e-08	0.979626288106626	0.020373655067064945	7.93801249010513e-15
TCGA-BH-A0AW	1	0.0002995753000189724	0.9837467404820286	0.01337662140319703	3.831736358933694e-12	0.002577062810923841
TCGA-BH-A0B3	0	0.9999982276710004	1.7711278541316663e-06	6.135562016298438e-15	7.383527971717821e-10	4.627864393265179e-10
TCGA-BH-A0B8	2	3.137784008175107e-10	1.2165070230035864e-09	0.9999512069652211	4.879148639558317e-05	1.8097908734922346e-11
TCGA-BH-A0BA	2	6.373383946642652e-11	3.6703160530317743e-06	0.9999948911180853	1.4330017008770453e-06	5.5004269708821895e-09
TCGA-BH-A0BJ	2	5.26796439268311e-10	3.539085143014802e-14	0.9999999605276592	3.603606649492997e-08	2.909442492951716e-09
TCGA-BH-A0RX	0	0.9859333679546641	5.363026674891249e-12	0.014063833700245337	6.57097851936341e-28	2.798339727422093e-06
TCGA-A2-A0CT	2	5.459259571896715e-13	2.8722344488547088e-09	0.9999810822607341	1.8914866458433267e-05	2.702589614058331e-14
TCGA-A2-A0EU	2	3.453922476797689e-15	3.5941781653390806e-16	0.9999802350569783	1.9764943017914437e-05	2.9530869777475965e-17
TCGA-A7-A0D9	2	3.6155443193993136e-16	9.278296362332771e-08	0.9999998615816181	4.032655593888018e-09	4.1602762236416096e-08
TCGA-A8-A08O	2	2.7548434440455025e-15	6.3422650347916724e-18	0.9999999996290351	3.675592896598457e-10	3.4028119619830853e-12
TCGA-A8-A0A6	2	2.583608599515652e-09	7.10300616764109e-08	0.9999802020584012	1.9577909661522038e-05	1.464182669625966e-07
TCGA-A8-A0AD	2	4.1918131263530466e-11	2.315184216697731e-06	0.9765303323457726	0.023467352418345147	9.747397456213101e-12
TCGA-AO-A03L	2	8.24784564940572e-13	4.013650669517334e-08	0.9774596780575999	0.022540281805064333	4.29493738940501e-15
TCGA-AO-A0JC	2	0.0009794004806849479	4.643502529793977e-05	0.9882937081030906	8.841649044015808e-05	0.010592039900486298
TCGA-AO-A0JD	3	1.259239958541307e-06	0.001043598353237467	1.2296480568779694e-05	0.9989428459262353	3.3688016446698287e-18
TCGA-AO-A0JE	1	3.835243702373154e-05	0.9847600416044804	0.01465229968279777	2.56405531988474e-05	0.0005236657224993134
TCGA-AO-A0JI	2	3.0273421219301442e-21	7.642622059581106e-12	0.9796031191652531	0.020396880827104263	2.5469059610800355e-21
TCGA-BH-A0C0	3	8.795967944121203e-08	3.4608798975456734e-06	0.004437924095065747	0.9955573491117355	1.1779536217904558e-06
TCGA-BH-A0DP	2	2.5867467485009454e-13	7.963755930431559e-10	0.9999999904712601	8.693634442036466e-09	3.8471197701430525e-11
TCGA-BH-A0DS	2	1.0212913792249949e-09	6.015212166736992e-07	0.946498428501054	0.053500968138416906	8.180211222177407e-10
TCGA-BH-A0E0	0	0.9999690572390815	3.094276091806191e-05	1.177519814874929e-25	8.552540574576394e-31	4.894500773596472e-16
TCGA-BH-A0E1	2	2.5322003462473865e-09	9.466861985902548e-12	0.9680780808336188	0.03192191662469963	1.4419854125443002e-14
TCGA-BH-A0E2	2	2.3068553674268573e-10	6.017632677823176e-13	0.9783726459630276	0.02162735380568508	1.2258801392898604e-17
TCGA-BH-A0H0	3	3.528375589980441e-10	1.081573079512829e-06	0.07311176782047171	0.9268871502536112	1.20312188315068e-18
TCGA-BH-A0H6	2	6.78907643201155e-13	1.643496688200633e-11	0.9970476764191244	0.002952317700912788	5.862849020710795e-09
TCGA-BH-A0H9	2	1.0308060636619948e-14	1.2195270781664575e-07	0.9988540856192334	0.0011457924280339929	1.4492212518932894e-14
TCGA-BH-A0HB	2	1.6934922995084132e-09	3.679426201411243e-08	0.9986168632667316	0.0013830968446758216	1.4008381269282233e-09
TCGA-BH-A0HF	2	9.882584487329558e-09	7.84775453168811e-12	0.9999999725432925	3.277374817128504e-15	1.7566271805897017e-08
TCGA-A1-A0SO	0	0.9992257704874652	0.0007742294903760041	5.5207520824358766e-12	1.615088024405169e-11	4.871270806952012e-13
TCGA-A1-A0SP	0	0.9999997980933893	2.0189566354886003e-07	3.926604983488707e-12	4.0816011430760426e-48	7.020272128224626e-12
TCGA-A2-A0T0	0	0.9935047076502906	0.00649401097546665	5.713479661289069e-15	8.121203976002156e-15	1.2813742289025295e-06
TCGA-AO-A0JG	2	1.0104334386412239e-11	1.325464460438538e-14	0.9999997585187324	2.414581432513007e-07	1.3006897243134635e-11
TCGA-AR-A0TR	2	6.598221324819718e-16	3.530546193342014e-09	0.9999999914017054	5.067747683092288e-09	4.7946129626255685e-27
TCGA-B6-A0RL	3	1.3754690450976916e-15	1.6128802056611767e-10	0.00016113043996255003	0.999838869398748	2.1248341087404415e-21
TCGA-B6-A0RU	0	0.9972188719457005	5.672101309181256e-16	4.4636706465527915e-15	1.9141095268779467e-13	0.00278112805410315
TCGA-BH-A0BC	2	8.920288743738352e-07	9.342704816257154e-11	0.9994109788568756	0.0005881288797039559	1.411190636638883e-10
TCGA-A1-A0SM	2	2.1848514262376953e-17	0.0004025210111010891	0.995783327919107	0.0038141300199750166	2.1049816945745536e-08
TCGA-A2-A0SX	0	0.9998180297763808	0.00017646260364450467	1.3239514147498504e-11	9.154875413128417e-12	5.507597580414616e-06
TCGA-A2-A0SY	2	2.2435599962017563e-14	2.344962639665491e-12	0.9999999572862539	4.2711326067316503e-08	5.265135640354722e-14
TCGA-A1-A0SJ	2	6.820036498251493e-11	3.8974092998334164e-09	0.9993530295747056	0.0005897083402025083	5.7258119482315426e-05
TCGA-A2-A0EN	2	3.202252789867047e-06	2.370218436985394e-05	0.9993112742004571	0.0005591736474793171	0.00010264771490387822
TCGA-A2-A0SV	3	1.2689712000297895e-08	0.004014394296890234	0.0002706859341521696	0.9957149070703311	8.914482319259662e-12
TCGA-A2-A0SW	3	0.009632531703201466	0.041898700809653966	0.009548296137692916	0.9389004253417461	2.0046007705520786e-05
TCGA-A2-A0T5	2	4.2486736059411935e-10	6.240215227283535e-08	0.9999999322759054	4.863786241317941e-09	3.328863468430051e-11
TCGA-A2-A0T6	2	9.036924093423326e-12	2.6519950842087705e-07	0.9999988984012793	8.06600219746916e-07	2.9789955687079705e-08
TCGA-AR-A0TW	2	1.4475832858082338e-05	0.0028731904377859558	0.99009589020757	0.007016443501497468	2.0288377347883042e-11
TCGA-AR-A0TX	1	9.158115957095342e-10	0.9662801301152492	0.03138502511398342	5.5225932114349905e-09	0.00233483833236273
TCGA-B6-A0RO	2	2.1669453567735183e-14	2.4012966500715364e-09	0.9999486917773458	5.13058213359255e-05	2.9034939270217688e-18
TCGA-B6-A0RP	2	3.4869309698437416e-13	8.73018316332088e-08	0.9955703348330023	0.004429577864817426	1.0047537865411061e-19
TCGA-BH-A0HK	2	4.287170456242821e-08	0.005303577036318787	0.9946963730610383	1.1080763218435204e-09	5.922862034918578e-09
TCGA-BH-A0HX	2	1.5101333152354264e-06	5.238537809775608e-13	0.9985846445933796	0.0014138452727811674	1.2629595080026815e-16
TCGA-BH-A0HY	3	9.511441206185891e-09	0.009788791263103518	0.0026277330379001138	0.9875834014958721	6.469168316832915e-08
TCGA-A2-A0T7	2	2.7171423929546835e-10	9.725655238236353e-07	0.9999986398368862	7.033748350795856e-08	3.1698839230535053e-07
TCGA-AR-A0TP	0	0.9912937045933569	5.5859646171510896e-14	3.256352658773238e-11	1.648568569948315e-20	0.008706295374023686
TCGA-AR-A0TZ	2	4.174508673576839e-07	5.737032716807925e-10	0.9861128744257182	0.013886707549711193	1.0999871459796318e-33
TCGA-B6-A0RT	0	0.9982857670693306	6.513118184551618e-05	1.433182483517366e-09	0.0016403045466707065	8.79576897079838e-06
TCGA-BH-A0HP	2	9.30938951185258e-11	5.09749887037945e-07	0.9999993173738093	1.72134626831216e-07	6.485829488736663e-10
TCGA-BH-A0W4	2	7.589301556216566e-18	7.5845287926662e-12	0.9999999926833472	7.307539079465836e-09	1.529360773945789e-12
TCGA-AR-A0U4	0	0.9999780039366379	3.5597627756670977e-06	6.665588589661354e-15	2.3008418023065025e-11	1.8436277571340557e-05
TCGA-B6-A0WX	0	0.9995539596548829	3.9705390774344507e-10	8.797666004830614e-09	5.672100110137736e-14	0.000446031150340489
TCGA-B6-A0WY	2	5.27094828368101e-12	1.3724847697810669e-12	0.999534468350459	2.8193468358342367e-12	0.0004655316400782664
TCGA-A2-A0YF	2	1.802664997643423e-19	7.338321148269437e-12	0.990573975656013	0.009426024336648613	8.685076950710281e-18
TCGA-A2-A0YT	3	5.48751207069687e-08	0.0002184587437787522	8.20820495591909e-06	0.9997732781756958	4.48776165660306e-13
TCGA-B6-A0WZ	2	2.87946147717161e-15	3.853465501618997e-06	0.9999537631500447	4.2383384450720544e-05	6.777306375823522e-17
TCGA-AO-A129	0	0.9999831969072421	1.5345763010944523e-05	2.9062022413982956e-17	1.3634889466637188e-06	9.384080026747024e-08
TCGA-AO-A12C	2	8.067511721366965e-12	2.275691082852635e-09	0.999999984984758	3.4903581057543565e-09	9.241125249200178e-09
TCGA-AO-A12E	2	5.375337180919129e-12	1.877548832729768e-07	0.9999989549759372	8.568348594500269e-07	4.289448062022941e-10
TCGA-AO-A12G	2	3.396409975030049e-06	5.4609048395135594e-05	0.9978700041511995	0.0018903564860589257	0.0001816339043713646
TCGA-A2-A0YC	2	2.2546030281465035e-14	1.0060316112262337e-11	0.9998494772851675	0.0001505226968678937	7.881790764425047e-12
TCGA-A2-A0YD	2	6.643283868575012e-17	1.0356764739817915e-09	0.9999944298115391	5.56915268652132e-06	9.787211365878407e-14
TCGA-A2-A0YE	0	0.99999999999999	3.1630060567466835e-19	9.968888450333856e-15	5.8935185346703555e-37	9.77496344365378e-19
TCGA-A2-A0YL	2	4.0144494046528774e-10	7.496229425188747e-13	0.9999144392733571	2.304701699650213e-12	8.556032214354352e-05
TCGA-AN-A0XO	2	8.907898163986525e-13	0.00013545430538499634	0.9998563807009873	8.164992265548109e-06	4.713773084282525e-13
TCGA-AN-A0XP	2	5.727510980837645e-16	2.849736143951463e-13	0.9670361218026394	0.03296387819707462	3.2878791383759496e-16
TCGA-AN-A0XR	3	1.3142152706252382e-10	8.135806491182547e-12	0.020750052003272148	0.9792499478571705	3.795218428124062e-18
TCGA-A2-A0YI	2	1.9989739630278783e-10	1.083521986124056e-10	0.9999983613898378	1.6376993349501543e-06	6.025777447135851e-10
TCGA-AO-A124	0	0.9999999999286613	7.13387934401367e-11	4.970330431104123e-24	4.123814728736352e-33	2.1609699416663325e-18
TCGA-AO-A125	2	2.209839388343236e-14	1.6274366993501244e-07	0.9869395911831494	0.01306024606824561	4.912847996043501e-12
TCGA-AO-A126	2	1.284239757535242e-12	2.8001958458761896e-08	0.9999932948139497	6.676992292462826e-06	1.905150889276928e-10
TCGA-AO-A128	0	0.9990265803594075	5.267902520761385e-07	1.5552054750930586e-12	4.426238736750371e-11	0.0009728928045227317
TCGA-E2-A106	2	2.0246854090608832e-14	2.050633393068382e-09	0.9997193543861442	0.00028064356157646037	1.6254676940634463e-12
TCGA-E2-A108	4	4.051082064772078e-06	3.1008018430434155e-07	0.029510971190074783	0.00017264273880421085	0.9703120249088719
TCGA-E2-A109	3	2.458125237296572e-13	8.787004615663982e-08	9.244377332518512e-06	0.9999906677523742	1.3903443439836522e-15
TCGA-E2-A10B	2	5.1095811931951e-09	1.7037020498186033e-08	0.9941424439788392	0.005857533874559021	6.231193230138824e-17
TCGA-E2-A10E	2	2.3138943611829986e-21	4.67513980521169e-15	0.9907504120922019	0.009249587907793302	9.008844859221758e-17
TCGA-E2-A10F	2	2.9132001880327858e-12	3.103707388148817e-08	0.9998518891068615	0.00014807985219722475	9.542377133597513e-13
TCGA-AN-A0XL	2	4.988325474480767e-15	3.7113930816204296e-11	0.9998973533061457	9.970690901288693e-05	2.939747722576598e-06
TCGA-AO-A12B	2	6.929213357881417e-12	3.6137342754831682e-12	0.9951457609651118	0.004854237616346589	1.40799867260255e-09
TCGA-E2-A10C	3	6.857131746247497e-09	0.004376354461915393	0.03172641552796886	0.9638972231489785	4.00541658464461e-12
TCGA-BH-A0W3	3	2.34645163409747e-18	6.170034992440337e-11	0.20207724886299622	0.7979227510753034	3.5868698103631366e-23
TCGA-A7-A13F	3	1.3305555892375783e-17	2.680287921661123e-10	0.06356474836554496	0.9364352513657989	6.274004415288589e-13
TCGA-AR-A1AO	4	0.008482869564271146	1.4784035284851387e-05	0.0024716578901191706	1.8072682848368884e-08	0.9890306704376419
TCGA-AR-A1AQ	0	0.9967939392189668	0.0031920374163555082	8.786880416048612e-09	4.755905534844098e-06	9.25867226246659e-06
TCGA-AR-A1AX	2	7.310295422360329e-08	1.0645483479637055e-06	0.9930746357448164	0.006880358338845057	4.3868265036412156e-05
TCGA-AR-A1AY	0	0.9999999999999996	4.4369820801058915e-16	1.1217768884394298e-19	6.553458027354256e-43	2.981534196861451e-17
TCGA-BH-A0AU	3	1.1106124337468719e-11	8.716534154888088e-10	0.18515672978457604	0.8148432693325762	8.817744385782494e-14
TCGA-BH-A0BZ	3	5.517481696317645e-09	1.3536081720808942e-06	0.0006989867151727838	0.9992996541574946	1.6787857339624786e-12
TCGA-BH-A0C3	3	6.390676254203126e-07	1.907841361200615e-09	0.04589238547667392	0.9307838364818758	0.02332313706598352
TCGA-BH-A0DD	3	4.698314783045986e-11	1.258254538455118e-07	2.0336342832300478e-05	0.9999795377847308	1.758666808497218e-22
TCGA-E2-A15K	3	2.7836737362230764e-12	2.683047197987342e-05	0.04542416785725406	0.9545490016679824	5.467655093637884e-18
TCGA-E2-A1AZ	0	0.9995018557196921	0.00049779390624994	3.4207847953808376e-07	5.5354298416672214e-11	8.240224254592714e-09
TCGA-E2-A1BC	2	5.369088117725894e-12	1.2693960953056818e-09	0.9999710900440903	2.288596632704355e-05	6.0227148173871565e-06
TCGA-AR-A1AP	2	4.674434392362422e-15	4.107478527423792e-08	0.9962883343926907	0.0037116231908249447	1.3416943009823895e-09
TCGA-AR-A1AU	2	1.0748502860770567e-10	2.1611054717217678e-07	0.9999997782680523	5.5113049405096395e-09	2.610496348062751e-12
TCGA-AR-A1AK	2	2.542257742617077e-11	7.523881658836802e-10	0.9999706695372118	2.9263402696732555e-05	6.628228067931318e-08
TCGA-BH-A0AZ	2	1.2383597090211304e-10	4.043801831153714e-10	0.9997664566884766	0.00021950315911222645	1.4039624195093134e-05
TCGA-BH-A0B5	2	3.1748879693898955e-12	5.481787419219934e-07	0.9943430227225265	0.005656429095446562	1.1011637899066822e-13
TCGA-BH-A0BF	3	4.2464237977527745e-05	0.0008704230476552118	0.1419954865878384	0.8570782303626635	1.3395763865415638e-05
TCGA-BH-A0DG	2	9.321679513905863e-07	2.741067294840766e-05	0.9626791294900573	0.03729251649305134	1.117599156317462e-08
TCGA-AR-A1AL	2	9.319499964376859e-11	4.1008870315992287e-13	0.9999328800272643	9.055586181456699e-10	6.711897357199542e-05
TCGA-AR-A1AV	2	9.068761467018637e-12	1.8641257978204355e-09	0.993790406556228	0.006209591570577485	7.005650884881843e-21
TCGA-E2-A1B0	1	0.0003505907091525769	0.9872977261101393	3.472015714871541e-13	1.6947289882474457e-09	0.01235168148563182
TCGA-E2-A1B1	2	2.2470600263539812e-09	1.927807706183649e-10	0.992747331612723	6.031935544162603e-08	0.007252605628080815
TCGA-E2-A1B4	2	8.413681321096536e-17	1.7869184768193066e-10	0.9999999952406382	1.4833779078963318e-10	4.432332134159124e-09
TCGA-AR-A1AR	0	0.990191907835003	0.009735010231317015	1.839947790206166e-12	7.307049100809935e-05	1.1440832100653061e-08
TCGA-BH-A1ET	2	4.885864556360191e-18	1.6712868979483807e-12	0.9998939916749463	0.00010600832338236871	2.0913595416027714e-17
TCGA-BH-A1EU	2	3.436879920616707e-11	6.601354654889017e-12	0.9999467014544702	5.013774732633069e-05	3.160757233317273e-06
TCGA-BH-A1EV	1	2.462330101231436e-10	0.9853025480993072	0.01469510128754668	2.3501978643411263e-06	1.6904882965583115e-10
TCGA-BH-A1EW	2	4.561796741175077e-11	2.1559292017022908e-11	0.9744791434643469	0.025520856436982382	3.149358814581481e-11
TCGA-E2-A14N	0	0.9999239346802575	7.601452222225666e-05	1.3900654649564604e-22	5.0750368273821975e-08	4.715195648214197e-11
TCGA-E2-A15I	2	3.044510725458917e-11	2.6178696484915048e-08	0.9999999713318755	2.458978701592986e-09	4.235961905578398e-15
TCGA-A2-A1FV	2	3.386111238518221e-05	1.1898178634105121e-06	0.9999354217809943	2.9527276257288455e-05	1.249971771112021e-11
TCGA-A2-A1FW	3	5.551836417994231e-18	6.558467164076841e-14	0.039052872875887615	0.9609471271240468	4.6982412728824086e-21
TCGA-A2-A1G1	0	0.9969540819868308	0.0004616749436625831	0.0025839971028381406	5.007222753387729e-34	2.4596666850830453e-07
TCGA-E2-A1IN	2	8.382965498783612e-10	9.937824789511651e-10	0.9998227064390844	0.00017728219208164113	9.536754963677873e-09
TCGA-E2-A1L8	2	1.3530780591571198e-11	0.00014988466210698507	0.9974307226309532	0.0024193887893182832	3.9040907867882015e-09
TCGA-EW-A1J2	2	1.311784035918779e-12	2.188117457073842e-10	0.9999999674194743	3.3538609481263774e-10	3.202501617044268e-08
TCGA-A2-A1G4	3	1.0433906880790238e-13	4.301110866168733e-09	0.1308357864760659	0.8691642091928988	2.982000596709878e-11
TCGA-AO-A1KP	3	1.9446277374147898e-13	2.997566840273636e-08	0.002062578131951945	0.9979373918921849	2.6514506257864877e-16
TCGA-AO-A1KT	3	1.2384190648404935e-11	4.358295874020366e-06	0.03851559732573999	0.9614800443654421	5.596322842596075e-13
TCGA-BH-A1EX	2	1.1377352599077009e-07	0.005392714491513414	0.9826691785057854	0.011937792117635581	2.011115396686622e-07
TCGA-BH-A1FD	3	1.267290004061403e-09	0.0001818102978470396	0.00033447411645495085	0.9994837143155362	2.871851853245688e-12
TCGA-BH-A1FL	2	3.0337605485186242e-18	6.657435592022613e-10	0.9989168718846614	0.001083127449594954	4.0286539484102346e-21
TCGA-C8-A1HE	2	8.276028404237928e-17	4.983146265087297e-13	0.9998310430662751	0.00016895693322035193	5.945760419888868e-15
TCGA-C8-A1HO	2	7.87711096148453e-09	6.442158928940814e-10	0.9862944795531062	0.013705511925566844	7.187761502737584e-18
TCGA-D8-A1JD	3	4.895912140128251e-10	1.0665791183261904e-06	2.2282319076064526e-07	0.999998710107999	1.0067929927034893e-13
TCGA-D8-A1JL	0	0.9993566445370806	3.845313294941288e-11	9.109889557775487e-12	6.095747554083167e-13	0.000643355414746948
TCGA-E2-A1IE	2	8.659660451472018e-12	3.0703491336089513e-09	0.980717643001552	0.019282353919439183	2.6504158521304292e-17
TCGA-BH-A0BS	2	2.776593935637211e-12	2.141355595655315e-12	0.9648379534255819	0.035162046569499825	3.0404336517765147e-16
TCGA-BH-A0BT	2	5.6831252000592123e-14	1.1731587733982452e-05	0.9997076530840671	0.0002806139179569007	1.4101852297760457e-09
TCGA-BH-A0H3	2	3.720327263160873e-09	9.042678095060897e-12	0.9999999897379542	6.052349019830771e-09	4.803268302379679e-10
TCGA-A1-A0SQ	2	9.693493850807076e-11	1.9502115502327955e-08	0.9999817259678827	1.8254432336991025e-05	7.298964609004338e-13
TCGA-E2-A1IF	2	1.0830098897568696e-09	7.501326366776179e-07	0.9853774361295531	0.014621808497423979	4.157376398288792e-09
TCGA-E2-A1IO	2	5.45447268724565e-10	5.954496614701523e-09	0.9999997278083799	1.527244291309517e-07	1.1296724716966904e-07
TCGA-E2-A1LA	2	1.1803519849135984e-11	4.890867787214813e-06	0.8804319040020019	0.11956320511803112	3.764236942820374e-13
TCGA-E2-A1LB	1	1.0960535605807688e-11	0.9930303174352934	0.005721613101913723	1.0777339804767835e-05	0.0012372921120275327
TCGA-E9-A1N8	0	0.9999997245164682	2.754834818548211e-07	2.0112590843136222e-17	4.796690269520541e-46	5.006043426127416e-14
TCGA-EW-A1IX	2	1.4070928285369465e-15	3.919490710168102e-08	0.9999997561373807	2.0466731303520932e-07	3.9768207883970426e-13
TCGA-EW-A1OZ	3	1.474367339130539e-11	0.023117421977656042	0.00012347126756617324	0.976759106004643	7.353911986782091e-10
TCGA-EW-A1P4	0	0.9999992396584161	5.531048331819548e-25	1.0666294378114576e-07	4.025062070367231e-65	6.536786401263101e-07
TCGA-EW-A1P5	2	7.362479034327551e-17	4.2149094849793103e-13	0.9937464282044259	0.006253571795151165	1.3318119993663783e-15
TCGA-BH-A1F0	0	0.9924506123095933	2.1428684475827056e-08	2.6777664669711005e-05	1.259605923188504e-13	0.007522588596926551
TCGA-C8-A1HF	1	9.506010723358148e-07	0.9889127352843181	8.806849254299049e-15	0.011086314074031099	4.056968522308976e-11
TCGA-C8-A1HG	3	0.00018731624974241678	7.473625153432968e-07	5.008971222166616e-05	0.9997618466746951	8.25304280174023e-13
TCGA-C8-A1HI	2	5.939939661982297e-13	5.378173675633462e-10	0.9990756504267314	0.000924349033108973	1.7482354943544698e-12
TCGA-C8-A1HL	3	3.9481570431183635e-08	6.371973400615715e-06	0.004443078957661501	0.99555050958618	1.1875730389345356e-12
TCGA-C8-A1HM	3	1.955887055682494e-07	4.453366063624342e-06	1.0433782417370594e-09	0.9999953500018508	1.875588106059088e-15
TCGA-C8-A1HN	3	7.435338748388697e-10	1.9623905279303073e-11	1.350804298784115e-05	0.9999864911938544	5.921778267162284e-23
TCGA-BH-A0H7	2	8.352428308031462e-09	4.3112624866439395e-08	0.9290874578377085	0.0709124870421336	3.655104949229047e-09
TCGA-E2-A1IH	2	2.960997872788707e-10	2.196069163321672e-06	0.9975718727443847	0.002424757925526398	1.1729648255684407e-06
TCGA-E2-A1L9	2	7.718129653485452e-11	4.088295941050007e-08	0.9879504273399871	0.012049531524660036	1.7521226791399374e-10
TCGA-EW-A1J3	2	6.996179716782218e-14	0.00013176151865508255	0.9918512504695014	0.008016988011563416	2.1013700539082295e-13
TCGA-EW-A1J5	2	2.3158693914218045e-11	8.638636963261972e-06	0.9989892373096743	0.00100212403020367	1.3505695116188596e-16
TCGA-BH-A1F6	0	0.9999072439793953	5.504700439598151e-08	2.457828760665426e-08	2.824232337560283e-22	9.267639531260901e-05
TCGA-D8-A1JU	2	3.9457762855727416e-10	5.488464191310421e-12	0.9947725510445276	1.0895685097758154e-06	0.0052263589868966
TCGA-EW-A1IW	2	2.9513251443177683e-19	1.3213929853965127e-07	0.9990673178834825	0.0009325499772134728	5.50124700660259e-15
TCGA-EW-A1J6	3	0.0002444654728315847	0.002982023113136009	0.05178250621412513	0.944190217296892	0.0008007879030153064
TCGA-A1-A0SI	3	3.295769130810031e-07	0.005755720975289554	5.933344405114827e-05	0.994181254381643	3.3616221032839106e-06
TCGA-A1-A0SN	3	2.7722975982048194e-15	0.009516850243231846	0.010201924359522371	0.9802812253779355	1.9307581784845953e-11
TCGA-AO-A1KR	0	0.9980632908341609	9.132935105387222e-06	1.429956989290347e-11	0.0019208926730740264	6.683543360124382e-06
TCGA-E2-A1IJ	2	4.704896715982229e-10	1.5058669301582736e-07	0.9999949890127835	9.51581895151049e-07	3.908348138684779e-06
TCGA-E2-A1L7	3	0.0006839752738083472	0.00013991076912456447	1.910351409469852e-05	0.9991570102888669	1.5410553153304936e-10
TCGA-E2-A1LL	0	0.9999832905675896	9.528167202376063e-25	6.9098486794478925e-12	1.4948560125985158e-101	1.6709425500371667e-05
TCGA-A2-A1G0	2	4.27255939957163e-09	7.829705186933075e-12	0.9999999956296731	7.61150594097767e-11	1.3822781621464562e-11
TCGA-AQ-A1H2	2	2.351027299264109e-25	1.1433129134632288e-17	0.9885115336568824	0.011488466343117516	1.7244093113796746e-18
TCGA-AQ-A1H3	2	7.327227515662942e-12	1.0520497200270098e-08	0.9998614995144446	0.0001384899572362789	4.945388965558505e-13
TCGA-BH-A1EN	1	3.27449096159557e-11	0.9477817848611179	0.05219582516124053	6.5920922539291245e-09	2.238335280436998e-05
TCGA-BH-A1FC	0	0.9908227986099637	0.005030796086226926	5.666703313619119e-13	0.00414640524692169	5.6320774236440964e-11
TCGA-D8-A1X5	3	6.015545786669085e-12	0.0001109143746237851	0.038369021390240364	0.96152006422912	4.65317990589333e-16
TCGA-D8-A1XA	2	7.6559352515211e-12	4.16873716938136e-13	0.9950043137322686	0.004995686259416007	2.427186346202857e-13
TCGA-D8-A1XB	2	4.0210074805191213e-10	1.548470947228617e-08	0.9998667153443132	0.00013326876641376307	2.4627757655588038e-12
TCGA-D8-A1XC	2	2.60089185940051e-10	2.286650223230923e-08	0.9999164572672695	8.336225795923128e-05	1.5734817975250293e-07
TCGA-D8-A1XD	2	2.1905333650654773e-11	4.1811789068063484e-09	0.9999843857229379	1.561000519603171e-05	6.87818780723816e-11
TCGA-D8-A1XG	2	3.50607309854398e-12	1.118409860475185e-10	0.9999771322332022	2.2867651181575472e-05	2.69164915273544e-13
TCGA-BH-A1FE	2	6.399290231314405e-09	2.3338044614817096e-08	0.9999025490489978	1.0273242312084009e-05	8.714797135540813e-05
TCGA-C8-A1HJ	0	0.999999999399301	4.7400480612595575e-11	4.996364023056053e-10	1.684091912030743e-36	5.366218996762792e-11
TCGA-D8-A1JE	3	1.0275364072280036e-13	1.000753416278422e-11	0.062031082047341	0.9379689179425285	2.0162371726047693e-14
TCGA-D8-A1JF	1	2.209622534139403e-05	0.9772466085314659	0.001923296808280131	0.013339391518439887	0.007468606916472575
TCGA-D8-A1JH	2	4.642524781921008e-10	3.34832279361714e-12	0.9999997341740209	2.605632348500952e-07	4.795143524566775e-09
TCGA-D8-A1JM	0	0.9999999994824557	5.198868160953517e-16	9.769828042478502e-14	7.736381556966072e-36	5.174461021198074e-10
TCGA-E2-A1IL	2	7.841832868564028e-11	9.917141674588076e-11	0.9999821487744667	1.785104794329843e-05	1.2678537355925943e-16
TCGA-E2-A1IU	2	4.807384850305499e-15	5.559150931305736e-10	0.9999999992209202	3.256688382286564e-12	2.199030948570556e-10
TCGA-E2-A1LK	0	1.0	1.115794034618071e-18	3.290858596523581e-23	1.950638020996865e-32	3.153703483788114e-17
TCGA-E9-A1ND	0	0.9996843493796229	8.749631373707812e-08	9.434589129120028e-08	8.064264896052587e-29	0.0003154687781720593
TCGA-EW-A1OV	1	0.0003590607813262442	0.9454050879312826	0.05353729325967582	0.0006879986092207468	1.0559418494656088e-05
TCGA-EW-A1OW	0	0.9999999880329676	1.3702457490376086e-12	7.406722369959552e-15	1.1115971283764418e-30	1.1965654581388982e-08
TCGA-EW-A1OX	3	8.752563257121536e-10	1.762860221886987e-09	0.09261764729809659	0.907382350063787	2.1420912994963626e-20
TCGA-EW-A1OY	3	4.531630321358096e-09	2.82703509385649e-07	0.008938960079117654	0.991060752619854	6.588842660852581e-11
TCGA-EW-A1P0	3	9.88597675532357e-10	5.845496813388005e-06	0.09892455957052522	0.9010695939440637	3.512629216540045e-21
TCGA-BH-A1FR	2	2.1538271631608944e-10	6.503627917570221e-13	0.9989714106200099	0.0010285891505387244	1.3418339606477283e-11
TCGA-BH-A1EY	2	1.8080476309351517e-10	6.53493716013014e-07	0.9768233519162907	0.023175987824737718	6.584450910322371e-09
TCGA-D8-A1JP	2	4.0960529791181236e-11	5.1341706457766896e-08	0.9683747955292368	0.03161968181495794	5.4712731383304904e-06
TCGA-AO-A1KQ	3	5.797102984775602e-13	2.0632451809584427e-05	5.7708273738070904e-05	0.9999216592738301	4.233111657471511e-14
TCGA-BH-A1FG	2	1.6654622682848473e-11	1.985921348813937e-08	0.9791571180039725	0.0208428621023133	1.7846000688295042e-11
TCGA-A2-A04R	3	9.29685584588432e-15	1.2199219614465296e-10	0.12018930306461463	0.8798106968133838	2.4702900019819457e-16
TCGA-A2-A0YH	3	9.711083389557529e-08	3.035456904330996e-11	1.3473816227470627e-05	0.9999833068965519	3.1221460322025152e-06
TCGA-A2-A0YJ	0	0.9995705431090086	9.430737382045884e-14	7.707475987298442e-13	3.1244769808066026e-29	0.0004294568901263919
TCGA-B6-A1KF	0	0.9999999989844622	7.349702324008832e-10	4.516879663564783e-21	2.883955066106553e-20	2.8056742188351236e-10
TCGA-C8-A1HK	1	1.5236324141490594e-09	0.9784833680309565	2.199918610702036e-05	0.021494631251973453	7.330617783429966e-12
TCGA-D8-A1JB	2	9.143363938088558e-10	3.383864621084258e-07	0.9999984818213997	7.238811587066871e-09	1.1716389902514122e-06
TCGA-D8-A1JK	0	0.9808420800348924	0.015166706372096554	2.0153159384418823e-07	6.722933389024864e-08	0.003990944832083363
TCGA-EW-A1P7	4	0.0225882929064318	2.0522920361394737e-13	1.4004466451926152e-05	3.0514216053307375e-28	0.9773977026269111
TCGA-EW-A1PB	0	0.9999855825295676	1.4410824016177247e-05	2.434252540726836e-26	4.866805332664032e-31	6.646416042303171e-09
TCGA-EW-A1PD	2	3.930449282785012e-07	1.2105846808984851e-08	0.9298006926066485	0.07019890219925183	4.332460015282419e-11
TCGA-EW-A1PF	2	8.881753675724642e-09	5.094488232782457e-07	0.9999985532194532	9.284405907264147e-07	9.379091999196477e-12
TCGA-E9-A1R6	2	3.2341407219767616e-15	1.5043074852439024e-14	0.9780199470680564	0.02198005292873512	3.1903127474835376e-12
TCGA-E9-A1RA	2	7.675084038145185e-10	3.540539172145722e-07	0.9987396692514402	0.0012599757179732568	2.0916098140670713e-10
TCGA-EW-A1P1	4	7.681601957815675e-06	1.581720418532954e-11	0.0018554261852560979	1.568088178519194e-13	0.9981368921968121
TCGA-D8-A1J8	3	8.799275665615096e-17	0.006323622295364797	0.010270516343460528	0.9834058613611747	4.884368644874576e-21
TCGA-D8-A1J9	3	2.3813085706842335e-14	0.009458925683279353	0.0001847290603290491	0.9903563434750419	1.7813258458795944e-09
TCGA-D8-A1JA	1	2.3937957355315603e-08	0.9987912529272275	0.0007590780018532695	8.902035519714611e-08	0.00044955611260685894
TCGA-D8-A1JC	3	1.7548942480528687e-07	2.3315993156020334e-05	1.5788887301362263e-05	0.9999607196301178	4.112438725918677e-18
TCGA-D8-A1JT	3	1.0276397822733039e-16	6.974046843558719e-12	8.744859092465626e-05	0.9999125514021011	6.505757665895187e-26
TCGA-E2-A1L6	2	9.49104637583393e-16	4.124468784686954e-14	0.9999995046898215	4.952856222888687e-07	2.4513964051752024e-11
TCGA-EW-A1IY	3	3.8068024201221353e-13	2.7739844719943704e-07	0.020773005887862923	0.9792267167133075	1.6816342300116956e-15
TCGA-EW-A1J1	2	5.728323623007986e-13	1.6903275404855633e-12	0.9999980367285228	1.963268284133139e-06	9.299786397405446e-13
TCGA-A2-A1FX	3	2.749144462429053e-12	4.093438991821507e-13	0.06476975175277463	0.9352302482440669	1.8390672936205554e-19
TCGA-AO-A1KS	3	1.5349125913800688e-11	1.2453198913771515e-07	0.0002141679040279028	0.999785707540941	7.692740767739338e-12
TCGA-B6-A1KN	3	3.006438704396095e-18	1.1247792985111241e-06	1.8973158954704716e-07	0.999998685489112	3.173844917244707e-19
TCGA-BH-A1F2	3	4.9811629228402284e-12	0.009603679509205529	0.0029443400059935617	0.9874519804686371	1.1182778630152746e-11
TCGA-BH-A1F8	3	2.1040645406760787e-15	4.468898119200405e-05	0.0008986469947648123	0.9990566640240228	1.822679463888325e-14
TCGA-BH-A0W5	2	2.2342899044776905e-09	4.475571065009766e-07	0.9999891065926391	8.15928908364085e-06	2.2843268809596388e-06
TCGA-BH-A0WA	0	0.9999999887012904	6.455335118502173e-15	3.1984025525168374e-24	2.0217095074341527e-24	1.1298703201482581e-08
TCGA-E9-A22B	2	3.0617844723859295e-08	1.1192175370391276e-06	0.9966703413645703	0.003328508731514129	6.853368799665675e-11
TCGA-E9-A22D	3	1.4641185103027963e-05	2.01256338502462e-07	6.981052422574566e-05	0.9999153470333605	9.722611017315394e-13
TCGA-E9-A22E	3	1.833898328609957e-07	2.2018353299199826e-08	0.30899738742518246	0.6909736070705972	2.8800096034358866e-05
TCGA-E9-A22H	3	4.644302218512888e-12	2.9014101357196374e-11	0.06439495306719975	0.9356050468991418	8.715666135422613e-20
TCGA-AR-A254	1	1.0739467645611757e-09	0.9483600430285518	0.00011608451535090229	0.05152379968960258	7.169254804685925e-08
TCGA-E9-A1QZ	2	2.0193030634473555e-12	3.2689575794085914e-10	0.9935180684605732	0.006481904753002102	2.6457509725970595e-08
TCGA-B6-A1KI	2	9.793025832722387e-11	4.637247934455997e-09	0.9999900667685834	3.70545943808954e-06	6.223036800311738e-06
TCGA-D8-A1XM	2	3.687074872138714e-11	1.2565569202688858e-09	0.9983174783212646	0.0016825203616239125	2.3683820705647923e-11
TCGA-D8-A1XU	2	1.399196297231958e-10	1.912677908114041e-06	0.9998780971990099	0.00011998992906152241	5.410095573445254e-11
TCGA-D8-A1Y0	2	3.4086028339347757e-08	1.290669950252676e-09	0.9985556696926732	0.0014442948657865848	6.484195251483122e-11
TCGA-D8-A1Y1	3	2.359824546045831e-10	9.029644312318178e-09	0.03641962062153578	0.9635803701127029	1.3470051803189133e-13
TCGA-E9-A1R3	2	2.0135694041267887e-17	1.0200096833038174e-08	0.9997949701904967	0.00020501960861505657	7.914330197164894e-13
TCGA-E9-A1N9	0	0.9994413434966432	0.0005094308908386853	6.5745064425492845e-06	4.26511059667965e-05	1.087709715350688e-13
TCGA-E9-A1NF	3	0.00022842717143110736	3.5835114008468754e-05	0.019722623752009942	0.9799382657262433	7.484823630715063e-05
TCGA-E9-A1NH	2	2.691074075362566e-13	4.2270368419361714e-13	0.9996783273128789	0.00032167230360275774	3.8282661738748404e-10
TCGA-E9-A1NI	3	4.724909823126487e-13	2.378179312774303e-07	0.08431827832321641	0.9156814838583562	2.3658585800068062e-14
TCGA-A2-A0YK	4	3.2053213182690154e-07	1.1358700078123874e-10	0.17408317281781702	7.176519097534304e-11	0.8259165064646988
TCGA-AN-A0XN	2	0.0012031818905778766	0.010566456400235695	0.9417895637593112	0.04612321975820572	0.0003175781916694845
TCGA-AN-A0XT	2	1.5744272149098511e-10	2.0284912791728712e-10	0.9999999572257916	4.1835929478371325e-08	5.779870872711422e-10
TCGA-AN-A0XU	0	0.9999999992257635	2.3990264555543673e-13	7.394884703724699e-10	1.898202079056707e-49	3.45081300787478e-11
TCGA-AN-A0XV	2	3.490728179987882e-11	1.1060487452936372e-08	0.9970780100585173	0.002921891290333413	8.755575456283537e-08
TCGA-AN-A0XW	2	1.5270208290814003e-06	0.0001878309955816125	0.8764827942846265	0.12332775970787113	8.79910916607747e-08
TCGA-AR-A0TU	0	0.9999999999989873	1.0126940712348216e-12	1.57447745265868e-35	2.6528767816891345e-21	1.971386059328807e-18
TCGA-E9-A1N3	2	0.00016372598556939854	2.2032572796540405e-07	0.9997883157026886	4.773798601297057e-05	1.0556444254901297e-15
TCGA-E9-A1RB	3	0.002761342695185286	0.012098152797607684	6.173819429098213e-12	0.9851405044994971	1.53593010019671e-12
TCGA-E9-A1RC	2	1.3876797964698208e-12	1.5521483573830808e-07	0.9774260045042488	0.022573840279527833	9.137638665274383e-24
TCGA-E9-A1RD	2	8.438668730046949e-16	7.334875049123086e-15	0.998842640211424	0.001157359788480447	8.751641553597424e-14
TCGA-E9-A1RF	2	1.8453630843393434e-05	0.0013382741792215102	0.9632211569169253	0.03542202200624103	9.326676878600306e-08
TCGA-E9-A226	3	6.382191862112808e-12	4.0697685368778384e-09	0.06619271814832196	0.9338072777663485	9.178737060573871e-12
TCGA-E9-A227	2	7.717317477895338e-14	4.644116343657302e-10	0.9813015749361704	0.018698424598921407	4.1936561200462105e-13
TCGA-E9-A228	3	1.1697690884450216e-08	8.120483825076456e-07	0.0004611865186168082	0.999537989735309	6.319854981435432e-16
TCGA-E9-A229	2	2.9488182480076004e-10	5.924253703001043e-11	0.9579472292970265	0.042052764827665685	5.521183427106211e-09
TCGA-E9-A22A	3	5.0767491811709234e-05	3.046815705587736e-05	0.009347159360788402	0.9905715642310019	4.0759342030028097e-08
TCGA-AR-A24W	2	1.9144124858152548e-09	9.05680168615125e-11	0.9992876421490776	1.821780443831436e-12	0.0007123558441200829
TCGA-AR-A24X	2	2.3082263975794097e-13	1.1144222296395244e-06	0.9999904246423189	8.460935220513057e-06	1.1998846080201872e-18
TCGA-AR-A24Z	3	4.941242408995077e-09	1.5478391102130907e-10	0.03672319736621669	0.963276797537757	3.585611586108333e-19
TCGA-AR-A250	3	4.840170579073945e-09	2.557194837126199e-05	0.01018115103965577	0.9897932589100302	1.3261772161194658e-08
TCGA-AR-A251	0	0.9999196345100042	1.2765811565683019e-08	6.226848593002212e-16	2.6102006881364195e-10	8.035246316347699e-05
TCGA-AR-A252	2	0.00014654766654953612	1.0161963265068504e-07	0.9844786782322957	0.015363040143222406	1.1632338299711798e-05
TCGA-AR-A256	0	0.9999999999920914	1.559401287888511e-16	6.567992621669872e-35	5.6151983391522705e-30	7.90855160646415e-12
TCGA-AR-A0U2	3	3.434182717398262e-09	0.00010805070074443833	5.153344940801578e-19	0.9998919458650728	4.390661951619896e-18
TCGA-AR-A0U3	2	2.0677437055944466e-16	9.93925899391783e-07	0.8994140105558533	0.10058499551824696	3.439603668293289e-18
TCGA-B6-A0WT	2	8.21368767588413e-09	2.3726299303556804e-09	0.9803111770770546	0.01968881233660856	1.92182880883452e-14
TCGA-B6-A0X1	0	0.9959351551066672	0.004064829582656836	1.79416113422894e-29	1.531067577191744e-08	2.831593173163115e-23
TCGA-B6-A0X4	2	3.733671907851316e-08	1.5876067029733368e-07	0.9999992640474551	5.398548920478746e-07	2.63405950293172e-13
TCGA-B6-A0X5	3	2.4963323094528456e-09	2.4640118356673723e-05	4.1823288904487625e-08	0.9999753155620147	7.217756768408798e-15
TCGA-BH-A209	3	0.006548125679900193	0.005404499064833909	7.492270808913615e-07	0.98804659924984	2.67783450220861e-08
TCGA-D8-A1Y2	3	1.0172101619447415e-05	0.004144568277764806	0.18387211629057051	0.8119728799518783	2.633781669349126e-07
TCGA-D8-A1Y3	3	0.0026824037678555893	1.9912597030732024e-05	4.9022202958584175e-14	0.9972976836324199	2.6446640371867696e-12
TCGA-E2-A1LI	0	0.9999999603314226	3.8043749364370687e-08	1.7781124895880505e-12	1.1122566397463885e-12	1.6219377265237866e-09
TCGA-A2-A25B	3	7.179246847127105e-05	0.0012279672747626768	1.1203510870577112e-05	0.9986890367458956	3.2963866058843925e-18
TCGA-A2-A25E	3	7.700909519980163e-13	2.643592678109218e-06	3.7557658123409915e-05	0.9999597987484122	1.6194932478511388e-14
TCGA-A2-A25F	0	0.9845449412341656	3.8613029554989814e-05	2.376016412223858e-05	0.014552702649506206	0.0008399829226508071
TCGA-A7-A26E	2	0.0027223840891679673	0.00029880349308098624	0.922086042543641	0.07489167083061885	1.0990434912533872e-06
TCGA-A7-A26G	0	0.9929482025418119	0.0001595196479651595	1.8962004887872894e-07	0.0010629381012653997	0.005829150088908548
TCGA-A7-A26H	2	1.401211158143995e-10	1.2568181398265156e-07	0.9822136553308656	0.017786218847193825	5.510420068495773e-15
TCGA-A7-A26J	2	0.004623875412396579	0.0012971275223554585	0.746441159814521	0.2474149583604682	0.00022287889025891843
TCGA-AR-A24H	3	1.445889544298864e-11	0.002080018027545083	6.889388378346537e-10	0.9979199812690572	9.579629138953392e-20
TCGA-AR-A24K	3	3.662626434873104e-14	1.0330487625167162e-10	0.04100136742230668	0.9589986324743519	1.5121101805987226e-17
TCGA-AR-A24L	2	9.595883865546288e-10	3.533578322011562e-09	0.9740338845688934	0.02596611093558143	2.358554637127907e-12
TCGA-AR-A24M	2	3.519306685776895e-12	2.3233197055950594e-12	0.9999633074753782	3.6692518776798924e-05	2.3678471496312637e-15
TCGA-AR-A24N	3	1.3992034212725539e-11	7.05121004932274e-11	6.863314835744236e-06	0.9999931366006565	3.657046143899128e-15
TCGA-E9-A247	2	1.3440194539688923e-14	3.874311350655586e-06	0.9344012106174076	0.0655949150712274	7.886747197493331e-16
TCGA-E9-A248	1	0.003356427299272045	0.9905653166145397	0.0036786319379626606	8.96761277279465e-09	0.002399615180612701
TCGA-E9-A249	3	2.4836199994744313e-11	1.966415209033787e-06	0.16681177992269072	0.8331862536372641	6.242751416613717e-17
TCGA-AQ-A0Y5	2	8.975143482991636e-11	0.019848628879033575	0.979272458921321	0.0006461404222653844	0.00023277168762860298
TCGA-GM-A2DN	2	8.500791385739309e-07	6.194809765835609e-06	0.9999149738488344	7.702937900178225e-05	9.518832593059396e-07
TCGA-GM-A2DM	2	1.64944601289134e-10	2.4669145535281966e-11	0.9999998834495801	1.1636080618202581e-07	4.901120749702028e-17
TCGA-AR-A24O	2	2.7609364242872445e-13	3.374274020975816e-11	0.9999997675975107	1.0620242263051203e-07	1.2616604785923907e-07
TCGA-AR-A24P	2	4.925812843449059e-11	2.0246501363845347e-08	0.9998777614265825	0.0001222182772110605	4.46989022059264e-13
TCGA-AR-A24Q	0	0.9951991634582081	7.709104191328271e-12	1.7163911013727726e-12	1.995812923886845e-17	0.004800836532366327
TCGA-AR-A24R	3	5.425709387300508e-12	8.589988872871825e-11	0.0158818275092542	0.9841181723994195	6.7920581320883995e-16
TCGA-AR-A24S	3	2.8383432900894944e-08	0.0006110915856358687	0.0020596311476214334	0.997329143127085	1.0575622491311339e-07
TCGA-AR-A24T	2	5.212602008116121e-13	1.142521649628054e-10	0.9999981339333298	1.8641352872966384e-06	1.8166094698762733e-09
TCGA-AR-A24U	1	0.0005287443665679167	0.9646541461179163	0.0025780730954108387	0.020296117182709267	0.011942919237395865
TCGA-BH-A201	2	1.1261594233263431e-09	2.764094883408177e-10	0.9999653049099351	7.220207509868906e-10	3.469296547533655e-05
TCGA-BH-A202	3	7.632782265255223e-06	0.003616168406969132	4.18282655099694e-07	0.9963757799719595	5.561511900760112e-10
TCGA-D8-A1X6	3	4.0470512654656366e-14	1.099925122527347e-12	0.054041277641244556	0.9459587223576151	1.1770567484136117e-20
TCGA-D8-A1X7	3	1.515952613126015e-10	5.972982871585721e-08	0.09379620506555629	0.9062037350528922	1.274743437559212e-13
TCGA-D8-A1X8	2	1.7663301990516415e-16	2.474709899322963e-14	0.9998225836526704	0.00017741634727809206	2.6573936801648267e-14
TCGA-D8-A1XJ	1	3.7155990313399474e-10	0.995470843662711	3.278064633137386e-07	0.0045288278685862715	2.9067956496630014e-10
TCGA-D8-A1XK	0	0.9999999821130517	1.788616266805988e-08	8.87345149886786e-18	4.354522320606882e-13	3.50249628293397e-13
TCGA-BH-A1FB	2	3.9312440251271413e-10	1.0485866194068584e-11	0.9665822823476008	2.2809345067850053e-10	0.03341771702069557
TCGA-BH-A1FJ	3	4.191852200357333e-17	5.892406323183893e-11	0.003027927042567167	0.9969720728985088	4.194198963311054e-25
TCGA-C8-A27A	3	2.9108116572724436e-07	7.75236937816446e-06	8.725267541147136e-14	0.9999919565493472	2.1465556331790007e-14
TCGA-E9-A1RH	1	0.002238536771040581	0.9819758484039035	3.795528413785992e-11	0.0157856091776996	5.609401074418499e-09
TCGA-E9-A1RI	2	3.163189073712066e-11	2.669618405264772e-10	0.9999876034167984	1.154474438198287e-05	8.515402257860029e-07
TCGA-AC-A23H	1	1.649472651634798e-13	0.9808311849265046	0.018735684957929148	0.0004331259245748896	4.190826543210232e-09
TCGA-BH-A204	3	7.650500090936566e-11	2.654127523750085e-07	4.156662647619772e-05	0.9999581678842664	5.453884298181304e-17
TCGA-BH-A208	4	0.0019178906367694815	3.758359276420723e-05	0.0671908838264837	1.1473066448363547e-14	0.9308536419439712
TCGA-AC-A2B8	2	2.5239217220930046e-10	9.969302630440394e-08	0.999946261668417	5.363214779378416e-05	6.238370620195608e-09
TCGA-C8-A26X	1	0.02157656614880525	0.8862907675119133	0.00445623163375096	0.0721762265774071	0.015500208128123378
TCGA-C8-A26Y	1	0.00020494552083995233	0.9654637967079236	3.5106314684288095e-07	0.034328308871059074	2.5978370304446336e-06
TCGA-C8-A26Z	2	7.194612236199476e-15	3.920299823876987e-12	0.9999794383730212	2.0561623051372168e-05	6.197985890123849e-20
TCGA-C8-A273	2	1.6044929678687243e-14	1.832999570246323e-14	0.9321809799512507	0.0678190200487149	2.1337969273833103e-18
TCGA-C8-A274	3	4.880705425039182e-11	1.5508132961816543e-05	0.18096347044810557	0.8190210213699015	2.2392218647307175e-13
TCGA-C8-A275	1	0.00010255533685848412	0.9976509522157159	2.929680935607112e-08	0.0022464400625511467	2.3088065163788186e-08
TCGA-D8-A27E	2	2.7768709726711936e-12	7.345257111166223e-10	0.9999884905386554	1.1498679496279136e-05	1.0044545626770087e-08
TCGA-D8-A27F	0	0.9999999999494169	5.567204891628765e-12	1.1319747370897586e-16	3.366044917923447e-25	4.5015802642875644e-11
TCGA-E9-A1R7	3	9.290369527604997e-09	8.09457397217206e-09	0.04403885235435813	0.9559611302569604	3.7380531042975866e-12
TCGA-EW-A1PH	0	0.9999999999938087	6.158557324510788e-12	2.597758257976765e-18	3.497527516535581e-19	3.266660420463864e-14
TCGA-AC-A2FK	4	6.441962657734659e-08	5.045697709287173e-16	7.3318740460837946e-06	5.0459986331674955e-22	0.9999926037063269
TCGA-AR-A2LE	2	1.434837416767954e-09	0.00029063968597659566	0.9996739515106651	3.540736473860763e-05	3.782516713353155e-12
TCGA-A2-A25A	4	2.1189568580333193e-09	6.424265164987299e-15	0.23114045706525307	9.528674122945272e-14	0.7688595408156883
TCGA-A2-A25D	2	1.147977974050121e-07	2.106073152603968e-05	0.9999195372595243	5.426581494863446e-05	5.021396203524077e-06
TCGA-C8-A26V	3	8.253753183231153e-12	4.7305323949585264e-08	0.07483764512722164	0.9251623075589109	2.896310387207879e-13
TCGA-AC-A2FB	2	4.192643039771325e-13	5.667972140838608e-09	0.999998322772581	1.0625596772672442e-12	1.67155796486615e-06
TCGA-AC-A2FG	2	2.4816708701619083e-10	3.451780883653262e-13	0.9999999995943971	2.821500964574711e-12	1.5426910576948174e-10
TCGA-D8-A27V	2	1.0753490128403124e-12	4.426153888996239e-11	0.9999999999477246	6.657853441007932e-17	6.938465415457436e-12
TCGA-EW-A2FS	2	4.4796057892441256e-07	2.0862155785637728e-05	0.9507302752978745	0.049231017865984696	1.7396719776269536e-05
TCGA-EW-A2FW	3	1.372416637980711e-15	7.251049628060918e-15	2.2925219592636024e-06	0.9999977074780322	9.558884562352934e-19
TCGA-D8-A1XY	2	3.714673417564161e-12	6.78588786853562e-08	0.9959811860834825	0.004018746034506335	1.9417718357771416e-11
TCGA-E2-A1LG	0	0.9999999999993628	1.015485846078062e-14	1.26719322876551e-20	8.821577773841418e-46	6.270463572851859e-13
TCGA-E9-A1N4	2	9.901121840994525e-07	5.1666557974439305e-08	0.9779021555687506	0.02208093627849808	1.5866374009359602e-05
TCGA-E9-A1NG	2	3.0119035300480454e-10	2.274390760973913e-09	0.9999997645366121	8.470034972509792e-10	2.3204080329342694e-07
TCGA-AR-A2LK	3	9.076419018198807e-10	1.8087887531679212e-11	5.700709090111207e-05	0.9999429919833692	5.3818417959476335e-21
TCGA-E9-A2JS	3	2.1722486684884023e-07	1.859068953903327e-05	0.017867152547680027	0.9821140394202771	1.1763697344524912e-10
TCGA-GM-A2DD	4	0.0054939708864474475	0.02605171499362542	0.0007957929544124265	0.005693590796541119	0.9619649303689736
TCGA-GM-A2DF	0	0.9902714148430557	9.897540200252157e-05	4.169679093528463e-06	9.119977989739647e-11	0.009625439984648447
TCGA-GM-A2DH	1	9.38562985522824e-05	0.927633482333335	2.786140397444257e-15	0.07227266136809597	1.3934956112191075e-14
TCGA-GM-A2DK	2	1.3043029864790195e-08	5.807745294142119e-07	0.9987574919259381	0.0009690810584160704	0.0002728331980864608
TCGA-D8-A27G	2	8.026958302707957e-13	3.401778019959307e-05	0.9994140904194468	0.0005518917995020544	4.881295892854753e-14
TCGA-D8-A27H	0	0.9984362006341742	3.829328975251812e-11	2.2029904988937344e-15	4.788950823700529e-36	0.001563799327530263
TCGA-D8-A27K	2	3.0096902916739555e-09	1.9329266883603313e-08	0.9999915316384328	8.446019421068027e-06	3.1890567616425815e-12
TCGA-D8-A27M	0	0.99069600847022	1.7011080085839675e-10	2.3690688685121797e-06	4.1006461519613345e-23	0.009301622290800783
TCGA-D8-A27N	3	1.4262860173179721e-06	0.000773269988766204	0.004062930344234217	0.9951623732330266	1.4795573878202188e-10
TCGA-D8-A27P	2	4.908956713955347e-12	2.2448598513510155e-09	0.9999999976053575	1.448681117290072e-10	5.632083055784421e-15
TCGA-D8-A1XL	3	7.207776073206614e-11	8.778874279164998e-12	0.0028372174217783943	0.9971627824973557	9.247820071019301e-15
TCGA-D8-A1XO	2	1.605006881782401e-12	3.195095923554978e-08	0.9999515938133418	4.837423121451956e-05	2.8793690291092123e-12
TCGA-D8-A1XQ	0	0.9999995594839406	2.1311653944754368e-11	3.1392916787264205e-14	1.5992668948225228e-19	4.404947164727034e-07
TCGA-D8-A1XR	3	1.8894605669710873e-15	1.6070372073515005e-10	0.16249010005374181	0.8375098997855527	7.885246405277672e-18
TCGA-D8-A1XT	1	6.675275770508221e-06	0.9772496002787067	1.4793292329069255e-10	0.022712288771469455	3.143552612053023e-05
TCGA-D8-A1XV	2	3.3980922038490018e-06	1.8410677483379985e-06	0.9194154888860855	0.08055123154749157	2.804040647083624e-05
TCGA-D8-A1XW	4	0.005964879755366442	9.579855473159198e-10	0.010265786720534523	8.238030922641423e-15	0.9837693325661053
TCGA-EW-A1P3	2	2.8434352291192376e-15	9.261095881888388e-06	0.9997622544796246	0.00022848442260645576	1.8842484376993922e-12
TCGA-EW-A1P6	2	3.206175806752946e-11	3.154603591349893e-05	0.9815084202685549	0.018460033553501714	1.0996802903363823e-10
TCGA-EW-A1P8	0	0.9999926614497623	7.337578029725204e-06	5.578084391464232e-10	2.1044054824409812e-19	4.14399769849765e-10
TCGA-EW-A1PA	2	1.3991204674811141e-08	1.764239475508129e-05	0.9792628714621625	0.020719467755836437	4.396041419097886e-09
TCGA-EW-A1PG	4	8.98197817275068e-08	6.271297822281809e-09	0.151403534366566	1.279526883664425e-20	0.8485963695423545
TCGA-A2-A1FZ	2	1.3419723906667343e-11	1.2101430903638824e-08	0.9999916035374211	8.384347704214059e-06	2.4095972061113195e-14
TCGA-BH-A1FU	4	0.0008975944513217757	0.016723224690617534	1.5534591290563039e-06	6.410546093943934e-10	0.982377626757877
TCGA-D8-A27R	3	4.698355051454479e-12	1.0235712655741924e-07	0.0999432017939402	0.9000566952892128	5.550220547529958e-10
TCGA-D8-A27W	3	7.77266852428616e-09	2.5168025733251156e-05	0.054232869594574684	0.9457419546012474	5.776158206824687e-12
TCGA-E9-A1R0	2	6.772424687966966e-12	3.02189205134592e-11	0.99999894179397	1.058019711318078e-06	1.4932741194590833e-10
TCGA-E9-A245	2	2.232899691032048e-07	7.277868419104818e-14	0.9999694912272984	3.0285482657259434e-05	2.5601424755971347e-15
TCGA-E9-A295	2	3.853043630265576e-15	1.993182526186015e-09	0.9999966117089879	3.386297787379788e-06	3.835184046319239e-14
TCGA-AR-A2LH	4	4.276484168308353e-05	0.0012524511318591466	0.01102119805249887	4.589433569725651e-15	0.9876835859739543
TCGA-AR-A2LN	2	6.5757519818722226e-15	2.1058127338018497e-10	0.9999896893799581	9.739533650674603e-14	1.0310409356630456e-05
TCGA-AR-A2LO	2	3.012207068945488e-11	2.1587947696951147e-08	0.9999999663180903	1.1737938046411932e-08	3.259018199225236e-10
TCGA-AR-A2LQ	4	8.827791512218088e-07	1.1863841021195211e-09	0.14707837330860957	8.130276571382857e-09	0.8529207345955785
TCGA-AR-A2LR	0	0.9858044589779341	1.3746619710560047e-12	0.014005161444903455	3.0421937504529645e-25	0.00019037957578775112
TCGA-BH-A2L8	2	9.202466205471219e-09	3.7874925972493475e-08	0.9999321035495037	6.784547601000931e-05	3.89709423260697e-09
TCGA-E9-A2JT	2	0.00042458066937287893	4.178054114013185e-05	0.9801155285633896	0.0011658384206402698	0.018252271805457198
TCGA-GM-A2DA	2	7.935299232391272e-05	0.022909675802724086	0.9662099478979908	0.002929345012448267	0.007871678294512973
TCGA-GM-A2DC	2	2.4935225322941976e-09	1.405366136059472e-06	0.9997038624828173	0.00029472964862079724	8.903355825625304e-12
TCGA-GM-A2DI	2	1.533124540102593e-09	3.206007346069136e-10	0.9999920134327875	1.4866213621579078e-07	7.836051350784016e-06
TCGA-A2-A3KD	2	1.6615295795364133e-11	6.43590349187604e-09	0.9999516946151268	4.8289468990573114e-05	9.46336378524859e-09
TCGA-A7-A3J0	2	1.8937923806901842e-08	1.8056634354347023e-09	0.999775568907806	0.00022440372423465917	6.624372009876715e-09
TCGA-A7-A3IZ	2	5.692886670240624e-15	2.545125843034149e-13	0.9855891383559927	0.014410861643747103	2.118467564715841e-17
TCGA-AC-A23G	2	2.574943401677085e-08	6.864254019014001e-11	0.99996605085552	1.4017908449743405e-14	3.3923326389314454e-05
TCGA-A7-A3J1	2	1.4190301289490331e-10	5.4381222559711585e-11	0.9999863270781576	1.366981895368791e-05	2.906604514869473e-09
TCGA-AC-A3HN	2	1.7070615760988575e-11	1.8276391663142968e-08	0.9999995990291288	3.2836932005432144e-08	3.498404769135472e-07
TCGA-C8-A3M8	3	1.1392519084824983e-11	9.356934910803616e-07	0.07601473036335084	0.9239843339317652	3.38825111856222e-16
TCGA-E2-A3DX	2	4.090661139489671e-08	7.5142163529918e-09	0.994452194785116	4.798367092967579e-08	0.005547708810385279
TCGA-A7-A3IY	2	1.4601616730338735e-10	2.8825385984229854e-15	0.9999984680288352	1.066220002274304e-11	1.5318144835568014e-06
TCGA-AC-A2BK	0	0.9999999999898754	1.0124576441035892e-11	6.391163810587934e-24	5.948258605778788e-22	5.698208723962532e-21
TCGA-AC-A2BM	3	2.7093401383348912e-11	8.474194468842124e-11	0.045810193611460395	0.9541898062767041	1.4956643558980928e-19
TCGA-C8-A3M7	2	1.7506371703160708e-09	5.486903429971543e-07	0.9671406934105753	6.90754190537586e-10	0.03285875545769047
TCGA-B6-A0I1	0	0.9999999993977862	8.008096335301466e-13	6.01413081247176e-10	5.153471119028215e-17	4.170819154006029e-17
TCGA-E9-A3Q9	2	2.2482351666000905e-05	5.3858720446825764e-05	0.9491126824218663	0.05080746267127094	3.513834749873376e-06
TCGA-GI-A2C9	0	0.9999953104419198	2.2302438193082094e-08	9.98692792684966e-10	3.5629324696096945e-18	4.666256949171636e-06
TCGA-GM-A2DL	2	1.4628231124968946e-07	0.002545683142555959	0.9667140067647231	0.030739510636349505	6.531740602397181e-07
TCGA-GM-A2DO	3	1.9754904506151223e-05	0.00014741040441452482	0.14560324171738678	0.8542292958359626	2.971377297859084e-07
TCGA-BH-A0B9	0	0.9999999530527197	1.1869492143574417e-15	2.2717484681561604e-13	3.7149286366861716e-34	4.694705187453833e-08
TCGA-E2-A1BD	2	1.5441376602717234e-13	8.04909631029212e-11	0.9997619539232355	0.00023804599518709773	9.320111207900532e-13
TCGA-BH-A1ES	2	6.0337527521333775e-15	1.2049212243984573e-13	0.994832088615616	0.00516791138207346	2.1841000479127967e-12
TCGA-E2-A1B6	0	0.9925406651622448	5.129853192417968e-06	1.8242938512591723e-09	0.007452945308170208	1.2578520986718068e-06
TCGA-A7-A13H	2	3.8810784254113264e-11	7.032581165671497e-07	0.9999992964700045	1.0853470526898822e-10	1.2453329632156853e-10
TCGA-E2-A2P6	2	8.302235642382387e-12	2.2725628533703074e-05	0.9501682885350377	0.049808985828124965	1.4741135224988879e-15
TCGA-A2-A0CO	2	1.6411143074632322e-10	5.357436539272269e-07	0.9894239520492708	3.040254492011749e-11	0.010575512012561393
TCGA-A7-A3RF	2	1.272644346778492e-10	2.639742127698156e-05	0.9999735977625208	4.6889341757318166e-09	3.588869698553244e-15
TCGA-E2-A14U	2	2.4533246354349752e-14	3.801119352127283e-10	0.9999229686470829	1.0140241547096522e-19	7.703097278069584e-05
TCGA-E2-A2P5	2	5.67944764496778e-10	0.0005849020482920587	0.999037831885603	0.00037726549036513223	7.79512684863831e-12
TCGA-A2-A0EP	2	7.094950089792814e-07	1.1715951180195336e-06	0.9277222946545718	1.7267427383053606e-06	0.07227409751256306
TCGA-A2-A3XT	0	0.999861863479396	0.00013794087328628684	8.898372158127812e-14	1.9557165660454094e-07	7.557229914827433e-11
TCGA-A2-A3XU	0	0.9999886580230152	2.2788908612289774e-11	3.3295606385329346e-08	1.3509490312250188e-32	1.1308658589553936e-05
TCGA-A2-A3XX	0	0.9999999976789598	2.179095387083188e-09	1.072471016648363e-15	6.294235284959677e-15	1.4193739194201867e-10
TCGA-A2-A3XW	4	3.491017965658554e-09	4.6183207658021116e-06	0.04204073551341737	1.1426658537276208e-16	0.9579546426747987
TCGA-A2-A3XY	0	0.9999999999990109	5.375485397203135e-14	2.307156285290283e-18	5.670164652550427e-15	9.29671281239127e-13
TCGA-A2-A3XZ	1	3.1482780064350264e-06	0.9981883325991504	0.0017967061011637277	3.479210187363401e-09	1.1809542469096928e-05
TCGA-A2-A3Y0	0	0.9974151284856192	0.0025848707299614446	2.4118914243321487e-22	1.2436953390598516e-32	7.84419326559623e-10
TCGA-AC-A3QP	2	1.128744955211998e-08	9.635116649445906e-09	0.9999989559764311	1.2345266213267101e-07	8.996483404808092e-07
TCGA-A7-A426	2	9.827097400788477e-12	4.039247275617185e-12	0.9995696949421927	3.3331074895870585e-11	0.0004303050106098074
TCGA-LL-A442	2	5.351202940319443e-26	2.5441036626632884e-14	0.9999923630391884	7.636960786273868e-06	2.966020831400154e-31
TCGA-AC-A3YJ	2	1.1705878899804253e-10	6.556861160129447e-11	0.9999996843780196	3.154393468122603e-07	6.185408146020422e-15
TCGA-B6-A401	2	5.89093826758243e-10	0.0018800541711546115	0.9965516011294232	0.0015619374738276082	6.406636500663038e-06
TCGA-B6-A400	0	0.999999999998649	9.271606782461964e-25	1.137255996686789e-17	6.78600008090583e-46	1.350986534179079e-12
TCGA-B6-A402	0	0.9999999965310251	2.6827126899314845e-09	7.837447953746559e-10	3.7091457530523972e-28	2.517339155603925e-12
TCGA-B6-A408	2	4.1579568832254615e-10	1.3857140275938746e-05	0.9998965529956695	8.958884291076527e-05	6.053480759420868e-10
TCGA-B6-A40B	2	4.0995858325878867e-19	0.001809456449470561	0.9981903408673757	2.0268315383699313e-07	1.3718215230658867e-18
TCGA-B6-A409	0	0.9950341028777153	1.0528576768805014e-06	1.740041873825259e-11	1.3107950555577004e-15	0.004964844247205899
TCGA-B6-A40C	2	7.359191116357851e-06	0.0001423196517362139	0.9488662339886466	0.05098408707060911	9.789168963709408e-11
TCGA-BH-A42T	3	1.2648883575977591e-10	0.0002515985426391179	0.014365950588409419	0.9853824507424627	6.8116529301057054e-18
TCGA-BH-A42U	4	1.603207869180928e-08	2.0643710904424697e-10	0.04445027096271815	5.69379382102289e-23	0.9555497127987661
TCGA-D8-A3Z5	2	4.436931877126963e-12	1.2483332064884332e-06	0.9999910182913377	3.295203965063542e-11	7.733338066764651e-06
TCGA-D8-A3Z6	2	2.4828026147570016e-15	1.4882713078413985e-09	0.9998158037231114	0.00018419478861186745	2.8654586397244017e-15
TCGA-E9-A3X8	2	1.0545025990365647e-07	3.4254758916452585e-08	0.99999445172955	2.3431328483734973e-06	3.0654325827432334e-06
TCGA-LL-A441	4	0.020240944377458003	4.135653062311821e-14	1.5561331682715763e-05	1.3049497137888214e-18	0.979743494290818
TCGA-AC-A3YI	4	4.890898465985558e-06	1.6803414695187265e-10	0.054166544878536664	5.225339219052179e-11	0.9458285640027098
TCGA-A2-A0CK	2	5.782308086112214e-09	1.5160161913846522e-07	0.9999997390135914	1.0360223855460542e-07	2.4286772869802094e-13
TCGA-A2-A0CR	2	9.814895980257338e-08	4.6074120912205896e-07	0.99678999312756	1.7011475540321243e-10	0.0032094478121563234
TCGA-AC-A3TM	2	1.5868892470069218e-10	6.8097171937286345e-09	0.9997795487285981	0.00022044430296001765	3.5707711814670404e-14
TCGA-AC-A3TN	2	9.733545352969889e-16	4.632564840645474e-10	0.9999985647306626	1.434805961444516e-06	1.1845725789696576e-13
TCGA-AC-A2FE	2	1.7927686863007124e-13	7.792829767426323e-10	0.9996619024241848	0.00033809677828447953	1.806837547261221e-11
TCGA-AC-A2QI	2	1.847683402986002e-11	1.6671235748878653e-06	0.9999980951565888	2.3769993624488868e-07	1.4233307006482791e-12
TCGA-AC-A2QJ	0	0.9999975419658689	5.2177665987456095e-11	1.4084110233389692e-06	2.963017166642231e-20	1.0495709299937613e-06
TCGA-AC-A3EH	2	1.1781034707150912e-13	2.0857392246538754e-05	0.9996588441332902	0.00032029841283577257	6.15096321190556e-11
TCGA-AC-A3BB	2	8.801085428985566e-15	8.004066601400594e-09	0.999999989358367	2.2820248813933818e-09	3.555327404538885e-10
TCGA-AC-A3W5	1	1.610214466640379e-06	0.9874067469744865	5.935643282994758e-05	2.6454453827508e-05	0.012505831924389582
TCGA-AC-A3W7	2	5.514781881274011e-16	1.0744218877172566e-06	0.9999989255323946	4.53288687145224e-11	3.88406438607275e-13
TCGA-AR-A2LJ	2	1.1937949328535988e-10	1.2299944593816802e-06	0.9999987619771	5.798868135451939e-09	2.1101929898981795e-09
TCGA-AR-A1AM	2	1.3398490427578796e-10	4.6436084211198533e-08	0.9999999531363528	2.3142739483756005e-10	6.215075934209134e-11
TCGA-E2-A107	2	5.3203399323402e-13	4.3433493259325134e-07	0.942597951273253	0.05740161439128243	5.085530742211128e-18
TCGA-EW-A424	2	7.340038464305173e-14	8.945174378003397e-07	0.9999974822774585	1.6231939783154636e-06	1.1051946463827788e-11
TCGA-GM-A3XL	0	0.9983647113628091	0.0009483886041444137	1.894947386196327e-16	0.0006869000330122761	3.4046941908628796e-14
TCGA-GM-A3XN	2	8.653752279516677e-09	1.9062399587363387e-08	0.9999978995021132	6.195637965436116e-07	1.4532179385290125e-06
TCGA-JL-A3YW	1	0.0020022677656283175	0.9759880497007416	0.002523341143433731	8.287666704436698e-07	0.019485512623525898
TCGA-JL-A3YX	2	2.574172232600046e-12	4.8094766762232575e-05	0.9998248859092722	0.00012701932139153946	1.2676079334578011e-17
TCGA-E2-A1LE	1	2.2686676001920344e-05	0.9779216804990349	8.172240698318595e-07	3.0939789851959384e-07	0.02205450620299489
TCGA-EW-A3U0	0	0.9999387597494873	2.796184573590494e-07	4.355730848887687e-07	3.299895392631761e-10	6.052472898081947e-05
TCGA-GM-A3NW	2	1.0053633802746941e-14	4.247153422667756e-08	0.9999994791669357	4.78360234636509e-07	1.2854569013968628e-12
TCGA-D8-A4Z1	2	4.886130322314599e-12	2.017604262822811e-12	0.975434888959349	2.3537041186447166e-13	0.024565111033511878
TCGA-A2-A4S3	3	3.4132322525141763e-09	0.002759907089799218	2.3858175149330963e-08	0.9972400656290772	9.716208641502561e-12
TCGA-A2-A4S2	2	7.99624878077803e-14	1.1800677711940472e-08	0.9999999538741072	3.4325117806752804e-08	1.730582883779056e-14
TCGA-A7-A4SE	0	0.9999999999999986	1.2457199706096041e-29	4.593484849298066e-16	3.571285874791642e-76	1.029971797756201e-15
TCGA-A7-A4SF	1	1.9193943526322862e-08	0.8573817646498948	0.11634230799724644	0.026275908136628095	2.228709653068731e-11
TCGA-AQ-A54O	3	2.891717340349612e-07	1.6653649166285912e-07	0.09133579496734688	0.9086636228605128	1.2646391457905646e-07
TCGA-AQ-A54N	0	0.998872421718103	1.03012980818793e-11	1.0069659079123256e-12	1.6460233307943436e-19	0.0011275782705888185
TCGA-A2-A4RW	2	7.25924106550045e-13	0.0004647302139633301	0.9995352406124131	2.9172283585952064e-08	6.140693287403502e-13
TCGA-LL-A50Y	2	2.652092286567885e-20	1.0792484262327895e-14	0.9999981813101602	1.8186898261005786e-06	2.9561127902593515e-15
TCGA-A7-A4SB	2	1.2946942833730813e-12	1.217806532478584e-05	0.9999867625917339	1.0593267612125751e-06	1.4885558524545966e-11
TCGA-A2-A4RX	0	0.9846378904638305	4.283784213602587e-23	5.393209198550064e-19	1.0949981947357298e-59	0.015362109536169464
TCGA-A2-A4RY	4	7.903666046339018e-11	4.751935500717507e-11	0.15786304317388655	1.5138148688376482e-16	0.8421369566995572
TCGA-A2-A4S0	2	1.9065048141850823e-15	2.7414594771002158e-11	0.9999984977283431	1.5022442390922021e-06	1.3526786909712952e-15
TCGA-LQ-A4E4	2	3.691893246675197e-09	0.00444549298190336	0.9717348576235619	0.023819645596262658	1.063788135365685e-10
TCGA-A7-A4SA	2	1.7038728683596412e-06	1.2907026528473994e-05	0.9710491403555835	0.028933914124346663	2.334620673090264e-06
TCGA-MS-A51U	2	1.5691194146062563e-14	7.444987010873207e-09	0.9999997347058506	5.084174817925881e-09	2.52764971881331e-07
TCGA-A7-A5ZV	0	1.0	6.109434322768354e-24	1.638217173540284e-21	3.64284841250996e-80	4.710837090438339e-27
TCGA-AC-A5EH	1	2.8725894190842866e-07	0.993549999131182	0.0002347246657864042	0.006214988942579802	1.5097479247335854e-12
TCGA-AC-A5XU	2	2.8396334220072262e-06	4.1540575437102883e-08	0.999996084873525	1.033941534651603e-06	1.0942903681044661e-11
TCGA-AR-A5QN	2	6.047906287299759e-18	2.5349610434222143e-09	0.9999997642880621	2.3317697672347595e-07	2.979583338535313e-23
TCGA-AR-A5QQ	0	0.9999999999999999	9.092459747773547e-27	4.3940004870985987e-20	2.1991369158761283e-118	7.515673952226421e-17
TCGA-E9-A5UO	3	1.1063024741289158e-06	0.0032081584456145947	0.061228704636630694	0.9355620306152805	2.1175632859090304e-22
TCGA-AR-A5QP	2	2.3245789481777536e-13	8.848234513580291e-11	0.9999999804872503	1.9413913855170144e-08	1.0121050390207287e-11
TCGA-GM-A5PV	2	6.04702960525772e-15	3.0497312326742776e-11	0.9999999997606	1.1878402849085832e-11	1.9701826300155334e-10
TCGA-GM-A5PX	2	1.7255071939876342e-13	4.132485154822186e-11	0.9999997276194049	2.6627556247909774e-07	6.063535199394524e-09
TCGA-OL-A5RY	4	0.0003105664224977978	0.0011628692411259475	1.5946950527287013e-05	5.515711000146527e-20	0.998510617385849
TCGA-OL-A5RX	2	6.435811084865438e-12	3.003386513648864e-09	0.9999996296825217	1.2443552350889793e-13	3.6730753153029616e-07
TCGA-OL-A5RZ	1	1.274652673136221e-12	0.9967575448322841	0.00324243849609605	2.63044286235646e-16	1.667034514683618e-08
TCGA-OL-A5RV	2	2.715851986152793e-18	3.056078171097133e-07	0.9999996649886096	3.5912198140231534e-14	2.940353747478159e-08
TCGA-OL-A5S0	0	0.9999999999724513	9.186438055664015e-13	8.214457194793298e-15	1.985981320539873e-25	2.6621949558432334e-11
TCGA-A7-A56D	2	3.689889980308822e-05	0.009684309809120033	0.9902657193068973	1.303552659353702e-05	3.6457586001163143e-08
TCGA-AR-A5QM	2	1.2368390213597884e-12	1.22786789156851e-08	0.9999999518474573	3.587178999399841e-08	8.369936714089948e-13
TCGA-E9-A5FK	2	3.3970288623787544e-09	2.2026514847267516e-08	0.9996348150510165	3.755845526884254e-08	0.0003651219669846363
TCGA-BH-A5J0	2	4.442309529783952e-10	5.42187862384235e-10	0.9981337874831965	0.0018661259562106102	8.557417408134008e-08
TCGA-E9-A5FL	0	0.9933667049918792	0.0014795565040259869	7.339851177212951e-07	9.280404054532741e-22	0.005153004518977141
TCGA-LL-A5YM	3	7.531976476190337e-10	1.8378381182969115e-06	0.03922768833322347	0.9607704730753539	1.0672361127870743e-13
TCGA-LL-A5YN	2	3.8871291019434896e-10	0.0014293829079890159	0.998484836842184	8.577761928990518e-05	2.2418242193064754e-09
TCGA-OL-A5D6	4	1.2475298679505433e-06	0.0320976399709417	0.07105831986211485	6.6961928305534126e-09	0.8968427859408826
TCGA-OK-A5Q2	2	3.7983114824225096e-13	1.4368782710224277e-07	0.9999990542357001	7.683566958560612e-07	3.371939705098935e-08
TCGA-OL-A5D7	0	0.99998737105344	1.2619440847047963e-05	1.5287175772637348e-18	9.505713028305314e-09	1.7054607058100134e-19
TCGA-OL-A5D8	2	1.5135773436460948e-17	1.0444300039201157e-09	0.9999444673881837	5.5531567386304756e-05	6.656177264656149e-30
TCGA-OL-A5DA	2	1.440632629676095e-16	1.8837243219346715e-10	0.9999999995914195	2.202078548188465e-10	8.338443073189555e-17
TCGA-OL-A5RU	2	8.469733747484617e-11	4.142438473131303e-06	0.9999958443529547	1.2919841852211956e-08	2.0403285762418088e-10
TCGA-PE-A5DC	2	1.8150554357760019e-09	1.111114787583637e-06	0.9939560813037998	0.006042805756774355	9.582946770069314e-12
TCGA-OL-A5RW	0	0.9999996233427456	3.437862982419486e-09	2.2805181158067613e-20	5.428350858083039e-27	3.7321939134278096e-07
TCGA-PE-A5DD	2	8.21487944430657e-14	2.0961908385086144e-06	0.9999978541926263	4.675579963445426e-08	2.860653393467059e-09
TCGA-PE-A5DE	2	2.4383107207847837e-12	1.6929207002688617e-08	0.9999904656697427	9.51736184287493e-06	3.6768947942944286e-11
TCGA-HN-A2OB	2	2.9918555352921686e-11	1.3265711735562753e-10	0.9943984969793396	1.8924894161051666e-09	0.005601500965595285
TCGA-A7-A5ZW	2	3.5226921575798666e-12	1.65959755905423e-11	0.9999999455983682	4.849907117765861e-08	5.882441848799163e-09
TCGA-A7-A5ZX	2	6.343342925345561e-14	1.1204941599157642e-14	0.9903569156260933	2.4999364949351272e-14	0.009643084373807034
TCGA-AC-A5XS	2	2.207804267386969e-11	0.00048177212901212194	0.9995161062525634	2.1213347007578785e-06	2.616456729217601e-10
TCGA-AC-A62Y	2	9.458817270890906e-18	5.116782861250534e-07	0.9998730916249954	0.00012639669671840942	7.138782713578147e-19
TCGA-E2-A56Z	3	9.096402678074113e-14	3.9657932121087714e-10	0.16059153741783164	0.8394084621854978	2.5771906571015965e-16
TCGA-E2-A574	0	0.9979404123368225	0.002000803074256465	5.877462000601021e-05	5.7253078222538685e-21	9.968915101766301e-09
TCGA-LL-A5YL	2	1.0962550069823611e-13	0.00028559194244941514	0.9832503017712594	0.016464106268513194	1.7668411068297078e-11
TCGA-OL-A66H	2	2.921433450166721e-10	5.342350807808307e-09	0.9999952389140382	4.7554199878215805e-06	3.147985156826141e-11
TCGA-AC-A62V	3	2.79352520962671e-13	1.8145190671698424e-12	0.09739104697428769	0.9026089530236185	2.1838324583252414e-20
TCGA-E2-A576	2	4.2887965885136295e-15	1.165252827020724e-06	0.9995922855643697	0.00040654918279900556	2.4635913070321894e-20
TCGA-E9-A6HE	2	2.65168039706251e-12	1.3244756153590513e-05	0.9884761334344101	0.011510621806783122	1.541830606206901e-15
TCGA-LD-A66U	2	3.670022003346281e-17	7.104021016417937e-12	0.9999999996998812	2.930100424754134e-10	4.597897494246358e-15
TCGA-LL-A6FR	0	0.9999999987937477	1.739873123563178e-11	6.439395038487232e-13	2.7178337660997645e-32	1.1882097290521435e-09
TCGA-OL-A66L	2	3.987044787333432e-15	1.4515265093608782e-08	0.9999999854675394	7.878601069837051e-12	9.31297361315109e-12
TCGA-EW-A1IZ	2	2.1326598111094984e-07	0.00044996790282332875	0.9987918220162948	0.0007579964897386841	3.25162111034559e-10
TCGA-E9-A1RG	3	2.1052590493861858e-11	4.978178055066368e-07	0.0017515560409577444	0.9982479457264042	3.9378008324893937e-10
TCGA-EW-A6SA	3	4.3517845407750406e-13	8.501181005998557e-12	8.575707482521538e-06	0.9999914242835811	2.9710387418001697e-18
TCGA-EW-A6SB	0	0.9880846258534663	0.004013163478031072	0.005100825048259501	2.774575674525041e-10	0.0028013853427857204
TCGA-LL-A73Z	4	0.00034153313279572584	5.1803111463790716e-06	6.792635816240998e-05	1.6723754875816565e-08	0.9995853434741406
TCGA-LL-A740	2	1.9821021758463267e-08	0.009536710242688014	0.9712163128313958	2.2893750334721854e-08	0.019246934211144137
TCGA-BH-A6R9	4	0.007755339398972219	5.719138036850308e-08	0.054542305499797474	6.007535712650057e-06	0.9376962903741374
TCGA-D8-A73X	2	6.225707206000522e-14	1.483159854616494e-08	0.9999945272378802	5.457929978603405e-06	4.805056208725298e-13
TCGA-S3-A6ZF	3	6.15624442546755e-13	3.761973967576837e-09	0.0014828383951680936	0.9985171578422424	8.729759793642774e-19
TCGA-S3-A6ZG	2	7.730243624421575e-11	6.357577815555431e-10	0.9649706038017917	0.03502939548514817	1.4712072614341421e-18
TCGA-S3-A6ZH	2	3.996498922462746e-15	1.5679717773552815e-09	0.9907743529660772	0.009225645465946956	2.159889826558834e-20
TCGA-A7-A6VV	0	0.9999999998130634	1.7773409579142933e-10	3.7899818847404566e-14	5.391899804430956e-35	9.164647084490195e-12
TCGA-A7-A6VW	0	0.9999575956042258	4.2404395015467225e-05	4.850319795428803e-17	5.888455118495384e-28	7.586922415405325e-13
TCGA-BH-A6R8	2	8.207606034833774e-16	1.3641028866606734e-10	0.9797051981507984	0.020294801712790387	1.5579682980709045e-17
TCGA-AC-A6NO	2	1.0102184940293193e-10	9.55014564702837e-07	0.9999865953758587	1.2449508554850757e-05	2.5842765775803497e-17
TCGA-EW-A6S9	2	1.6120660826597977e-12	0.024523865301379472	0.9754761293671237	4.671085398889482e-09	6.587995288197555e-10
TCGA-D8-A73U	2	1.4225695901238489e-06	8.598396050832462e-05	0.9997687153300477	0.00011200227468906685	3.187586516467041e-05
TCGA-EW-A6SD	1	1.8344007133203112e-05	0.9918692467514907	0.005874492678169717	0.002011794703648102	0.0002261218595582854
TCGA-A7-A6VY	0	0.9999999994768796	1.380657736104145e-14	8.438557350632417e-13	5.616508661193565e-38	5.222628335230221e-10
TCGA-OL-A6VR	2	3.2762482313777766e-15	1.222893221093481e-13	0.9999999741138733	2.588595967677879e-08	4.1470927067604745e-14
TCGA-AC-A6IW	0	0.9999999807500756	6.146882751321538e-13	4.23063779007615e-13	1.922545347234124e-08	2.3433041171302624e-11
TCGA-LL-A73Y	0	0.9881041405922013	2.9749428054961295e-25	4.478873069819771e-14	1.5662002825048753e-20	0.011895859407753959
TCGA-OL-A6VO	0	0.9999999329789608	6.702096496952925e-08	4.985775062507324e-14	3.2057280596924573e-25	2.4108133158243825e-14
TCGA-V7-A7HQ	2	1.390415738468661e-10	2.730188441501385e-07	0.9999992027396623	5.240588832322995e-07	4.3568647594642635e-11
TCGA-A2-A4S1	0	0.9744292830608461	2.837357525365628e-06	0.02484960780623371	0.0007181212461988517	1.505291960073921e-07
TCGA-BH-A8G0	2	1.7529140335905757e-08	5.478126758574763e-09	0.9999920410086535	1.864304686362304e-10	7.935797649011452e-06
TCGA-LD-A7W5	2	9.60791167532944e-08	2.5860019490014256e-06	0.9999969485606707	3.236199398223151e-07	4.573832375459535e-08
TCGA-LL-A7SZ	2	0.012284175919814122	0.018764136352103226	0.8337721656386706	0.13468957144109173	0.0004899506483202903
TCGA-LD-A7W6	2	8.180279467469657e-15	3.595437981242975e-09	0.9999814265822513	1.8569822192744807e-05	1.0965626981694325e-13
TCGA-LL-A7T0	3	1.4723029557373517e-09	6.975534036287288e-05	0.02285119379727463	0.9770790493896488	4.106690985533924e-13
TCGA-AC-A7VC	0	0.9959584584626016	7.129579866673556e-06	0.00029539865694446486	4.178436032427737e-05	0.003697228940263018
TCGA-AC-A7VB	3	1.0925685742975388e-09	4.130612093736936e-08	0.018986752732892048	0.9810132048684185	7.10726233611301e-21
TCGA-AQ-A7U7	2	1.5259948209082991e-07	6.104904996184316e-07	0.9999268045211939	6.609020710698629e-05	6.34218171741029e-06
TCGA-BH-A8FZ	4	1.2842129925181178e-08	2.9152464027135325e-05	0.09571205282409372	2.798635611884545e-12	0.9042587818669506
TCGA-BH-A8FY	2	3.547782237942293e-11	3.2844196134497175e-11	0.9997454268145765	0.00025457311707740703	2.428467682162251e-14
TCGA-C8-A8HP	1	3.2146008666454404e-06	0.9938023755968561	0.0033170456924438182	0.00023128342715151133	0.0026460806826819785
TCGA-C8-A8HQ	3	1.662468656046013e-09	5.9021271952900686e-05	0.0018823384449761654	0.9980586386201672	4.349222012321171e-13
TCGA-LL-A8F5	0	0.9991721394912702	2.832976837542764e-06	2.423683418748713e-10	1.5961818172062218e-15	0.0008250272895224028
TCGA-XX-A899	2	1.768847184447885e-08	1.261343691440872e-07	0.9963148956366705	1.9871924199339533e-06	0.0036829733480684946
TCGA-W8-A86G	2	1.2995172385008197e-11	2.06691837119045e-12	0.9997425332137198	5.685425332577177e-13	0.00025746677064951
TCGA-PL-A8LZ	0	0.9963828219827243	2.180450462556256e-08	1.993025786782635e-19	0.003617147288009837	8.92476126789239e-09
TCGA-3C-AAAU	2	1.3051929049603795e-07	5.896298806855429e-10	0.9136443073061715	0.08635556158489528	1.2855527895783233e-14
TCGA-AC-A4ZE	2	1.2614970457709433e-17	1.4723960255088258e-06	0.9999884645969283	1.006300702668496e-05	1.9581928248966528e-14
TCGA-S3-AA10	0	0.9999999997517923	2.1805944238584196e-10	1.5697256743353364e-19	2.410686111143167e-24	3.014825047498438e-11
TCGA-LD-A9QF	4	5.5923153366434285e-05	0.035983887910139914	0.00953867364009911	4.0448633327165496e-08	0.9544214748477613
TCGA-WT-AB41	2	2.000294876707859e-09	1.501659276190705e-06	0.9682591537632116	0.03173934257718457	3.265723402893357e-14
TCGA-3C-AALI	1	4.242325391995569e-12	0.9980908842661904	0.0001235703824862515	0.0017855448527750492	4.943059260368398e-10
TCGA-S3-AA11	2	1.5504648295907753e-12	2.8120924117436024e-10	0.9999143145322045	8.568518503250229e-05	3.342110071553649e-15
TCGA-LL-A9Q3	2	9.464787325826296e-11	2.932963411763806e-06	0.9997868968960976	0.00021017004584259903	2.793238250388955e-16
TCGA-WT-AB44	2	7.502756118255218e-05	0.0013565002554345267	0.9892828115875791	0.004043749933217387	0.005241910662586282
TCGA-3C-AALJ	3	5.828163530551012e-07	8.547396783681096e-06	0.07539650884803964	0.9245943609333029	5.520734179102155e-12
TCGA-AC-A8OR	2	1.3652297205949342e-11	5.974171422033389e-09	0.9999999933926609	6.169424694477733e-10	2.5729247010117273e-12
TCGA-OL-A6VQ	2	5.283550743290992e-19	1.9342316131687256e-09	0.9999999980631689	2.599547264413978e-12	5.261888243696786e-18
TCGA-Z7-A8R5	2	1.098506579323479e-06	5.992255983058078e-10	0.9479663752978126	1.0743597145161936e-17	0.05203252559638249
TCGA-S3-AA14	2	2.680004282853241e-11	1.3676350353559857e-06	0.9998298460481527	3.371789722324997e-05	0.00013506839278852156
TCGA-AC-A8OS	2	1.5020505102420512e-07	4.6583955741944e-07	0.9996207520432251	0.00013941320060096126	0.00023921871156549552
TCGA-3C-AALK	2	1.1404659011337568e-10	6.705138576011632e-08	0.9997955336349968	0.00020423999491234228	1.5920465834850173e-07
TCGA-4H-AAAK	2	1.2370838369974126e-13	2.973753519108842e-11	0.9999074987700084	9.214851593432133e-05	3.526841960336218e-07
TCGA-BH-AB28	2	2.1855075440215785e-16	2.316488406981596e-08	0.9886800739897859	0.011319902820657948	2.467191824273396e-11
TCGA-S3-AA15	0	0.9800776240439099	1.5772086362433265e-05	0.008010009657997948	1.8149863742937283e-08	0.011896576061866025
TCGA-PL-A8LV	0	0.997951659563708	0.0019843323175629374	7.335483611099297e-11	2.3951833632564663e-20	6.400804537422279e-05
TCGA-5L-AAT0	2	2.5105641464489762e-09	3.5828301733584977e-12	0.9999985223474789	1.4723515784469488e-06	2.7867958787100087e-09
TCGA-PL-A8LY	4	5.274037254380101e-05	5.257935959997007e-12	0.00015098878330410513	5.4338546786954484e-18	0.9997962708388941
TCGA-5T-A9QA	3	3.564524307668306e-14	0.0008476028903625611	0.0007218579833119125	0.99843053912629	2.7112625840012676e-21
TCGA-5L-AAT1	2	5.537107162083123e-09	1.3443575590152577e-05	0.9999829465619602	1.2436400076545767e-06	2.3606853349152014e-06
TCGA-E2-A9RU	3	6.626033374884821e-05	1.575129656936684e-05	1.345727449832294e-05	0.9999044980732125	3.3021970977871605e-08
TCGA-UU-A93S	1	0.0001579723520561425	0.9958750266723455	1.7800966443983682e-15	0.003374439022224148	0.0005925619533723312
TCGA-E9-A54Y	3	1.0192730596066675e-07	5.0190532567637465e-06	0.006638867249910109	0.9933560109309839	8.385432104953698e-10
