sample_id	label	num_0_0	num_1_0	num_2_0	num_3_0	num_4_0
TCGA-A1-A0SE	2	0.035859572168961844	0.002829045645013236	2.9251507259097886	0.029155341116484133	0.0070053151597517975
TCGA-A2-A0ST	0	2.2540025041083664	0.012312607677922801	0.5737556194844967	0.033746824359840985	0.126182444369373
TCGA-A2-A0T4	2	0.0011944288867346156	0.008552319919417859	2.813277343267036	0.1710902546818339	0.005885653244977604
TCGA-B6-A0RM	2	0.031114396297267644	0.0003576475119946489	2.3205843547762814	0.6468579306471104	0.0010856707673455514
TCGA-B6-A0RN	2	0.0029414119172230446	0.004286415792825146	2.912611490030327	0.05879218165697105	0.02136850060265345
TCGA-BH-A0DH	2	0.023644407375793333	0.00259924267916217	2.8223829496203163	0.1436909334222162	0.0076824669025120015
TCGA-BH-A0DQ	2	0.0017250657506970633	0.025509497575108477	2.745654994749936	0.2073626450558403	0.019747796868417742
TCGA-AO-A0JJ	2	0.023209469639760213	0.007982327850589692	2.8630042944534457	0.07130528922728523	0.03449861882891913
TCGA-AO-A0JL	0	2.889519600872885	0.0037637881362515085	0.0013422527307693304	0.08555143086286858	0.019822927397225038
TCGA-AO-A0JM	3	0.006708948619105114	0.08629795008620934	0.1444197017529884	2.7053191150142957	0.0572542845274012
TCGA-B6-A0IK	1	0.2109233515883966	2.5196827090293628	0.1641180922781148	0.0960133185477538	0.009262528556371568
TCGA-B6-A0RE	0	2.957551370121379	0.018185468470295004	0.010551312473604897	0.010023173962367554	0.003688674972353346
TCGA-B6-A0RG	2	0.003188985902267261	0.004435813747455517	2.640577546948136	0.34910278034348025	0.002694873058660805
TCGA-B6-A0RI	2	0.002528597204101509	0.004318632201425639	2.885662777912483	0.09125862643315752	0.016231366248832493
TCGA-BH-A0AW	1	0.0098507326371695	2.7182088824025614	0.07745527366015376	0.1793396682211458	0.015145443078969449
TCGA-BH-A0B3	0	2.9237451840887876	0.0020761555684644054	0.06095081175754429	0.0054376020291197315	0.00779024655608379
TCGA-BH-A0B8	2	0.00779179822630518	0.010850014582406767	2.674337178488114	0.30626468370884796	0.0007563249943259214
TCGA-BH-A0BA	2	0.00010065493422939922	0.0007432338727876107	2.7614305009640754	0.23333175298445558	0.004393857244451689
TCGA-BH-A0BJ	2	0.020748890503171212	0.005480672559129557	2.8649974343268885	0.036201991599175705	0.0725710110116344
TCGA-BH-A0RX	0	2.4787142284833994	0.01529882333126094	0.42420398830992406	0.02988631172798527	0.051896648147429524
TCGA-A2-A0CT	2	0.00024649393999221745	0.0005424184201194741	2.5519078154329065	0.44459531291521837	0.00270795929176317
TCGA-A2-A0EU	2	3.94823254213005e-05	0.0008892901066435778	2.6048656792877045	0.3905865942307141	0.00361895404951662
TCGA-A7-A0D9	2	0.1673370572782921	0.0005346584096713804	2.3350393240854608	0.49386612634409854	0.003222833882476751
TCGA-A8-A08O	2	0.004383037559630372	0.0025585113030460755	2.6701710289513834	0.2998634579981358	0.023023964187803673
TCGA-A8-A0A6	2	0.0009618905492176975	0.007022099834739884	2.8727213342801483	0.10638835518732459	0.012906320148569045
TCGA-A8-A0AD	2	0.003863263638316508	0.02380497630461242	2.6867799629725777	0.2825222810163865	0.003029516068106472
TCGA-AO-A03L	2	0.0005987231799413988	0.005717040669895435	2.707870731051115	0.2797421882729076	0.006071316826140389
TCGA-AO-A0JC	2	0.051182678918829494	0.006206439783126433	2.778695932795184	0.046408695301294156	0.1175062532015652
TCGA-AO-A0JD	3	0.0027573102966771414	0.022472047442750973	0.06266847696702849	2.908416008517177	0.0036861567763662386
TCGA-AO-A0JE	1	0.0027000806260301315	2.6607334051706406	0.1134155365920049	0.19263268372095915	0.0305182938903651
TCGA-AO-A0JI	2	0.0013340257774357366	0.0054372139043746635	2.605840202363107	0.3866288534905028	0.000759704464579614
TCGA-BH-A0C0	3	0.4001521526024801	0.010384694694533046	0.0612969900599147	2.526358753665945	0.0018074089771275335
TCGA-BH-A0DP	2	0.00506446150846022	0.0030227746154578745	2.936765091471866	0.04266867775821084	0.012478994646004538
TCGA-BH-A0DS	2	0.03351248322695959	0.0002811994108666647	2.521838239518054	0.44405540185970704	0.00031267598441261967
TCGA-BH-A0E0	0	2.8894654355844156	0.025133680068774162	0.018805365845877112	0.047886692710985994	0.018708825789947016
TCGA-BH-A0E1	2	0.00202512507833769	0.0027179207130609362	2.8757576626471435	0.10549916619358707	0.014000125367870582
TCGA-BH-A0E2	2	0.11868059474301072	0.0002475648611568591	2.723026280729445	0.15310789408736633	0.004937665579020482
TCGA-BH-A0H0	3	0.009962254668589026	0.0012257739508754718	0.7920221743985841	2.1944076008986464	0.0023821960833050274
TCGA-BH-A0H6	2	0.046127798811804455	0.0002791681547988311	2.3677928564672213	0.5844160800165231	0.001384096549652086
TCGA-BH-A0H9	2	0.001184285518241348	0.031248963763788475	2.8794244845096677	0.0722891070151536	0.015853159193148714
TCGA-BH-A0HB	2	0.06342909776594043	0.0077683372029517216	2.5663568085810926	0.3586518830285705	0.0037938734214443995
TCGA-BH-A0HF	2	0.024640574554579433	0.01595841141607692	2.8643195198858824	0.04191980388793043	0.05316169025553032
TCGA-A1-A0SO	0	2.930811363289378	0.061194978652413204	0.00019030383028085512	0.007104395556587031	0.0006989586713408895
TCGA-A1-A0SP	0	2.70181472229334	0.013909770042914297	0.23652298014593803	0.03417860225295246	0.013573925264854453
TCGA-A2-A0T0	0	2.952639571864105	0.010243833355495616	0.0016267433112295727	0.03468554975058643	0.0008043017185828263
TCGA-AO-A0JG	2	0.03727785496111628	0.01774092015836097	2.7750382567227256	0.11774613328060175	0.052196834877195036
TCGA-AR-A0TR	2	0.005066895573979849	0.017078015403989136	2.8161548865912156	0.09905249681510359	0.06264770561571098
TCGA-B6-A0RL	3	0.001600270438513504	0.006539111666915788	0.4512460086699845	2.5366124612456074	0.004002147978978293
TCGA-B6-A0RU	0	2.83451957944129	0.008546964026310323	0.09928703864870826	0.030832083096315223	0.0268143347873766
TCGA-BH-A0BC	2	0.011457979073077343	0.002725442194957524	2.8765532838984074	0.10394986351093846	0.005313431322618919
TCGA-A1-A0SM	2	0.0030551938568701606	0.27405688962955	2.602144274723252	0.05144959954271189	0.06929404224761589
TCGA-A2-A0SX	0	2.7656790443761774	0.0331830831901386	0.04892885159667987	0.13731669171502953	0.014892329121974463
TCGA-A2-A0SY	2	0.0009052127620430727	0.018501887533996165	2.9233688562429974	0.0548953932835975	0.0023286501773657005
TCGA-A1-A0SJ	2	0.1971585764537754	0.0016148217372116541	2.733109314615853	0.0521345776049955	0.015982709588164355
TCGA-A2-A0EN	2	0.0031880455185773673	0.003483287882873483	2.8963154024908806	0.07009956543206447	0.0269136986756041
TCGA-A2-A0SV	3	0.013318583087525425	0.0049038132195411005	0.30313970808413737	2.6772159691829733	0.0014219264258229383
TCGA-A2-A0SW	3	0.0311144727885195	0.0499386087555424	0.5030036221752134	2.396795722562224	0.019147573718500118
TCGA-A2-A0T5	2	0.006885580196893987	0.002941067668722386	2.904850022865905	0.06270301450169634	0.022620314766782373
TCGA-A2-A0T6	2	0.0036272976964307883	0.0028382137657382406	2.931265594337525	0.046207579925661955	0.01606131427464338
TCGA-AR-A0TW	2	0.14777948937190027	0.004322909099362353	2.8220086512359486	0.010900305978047899	0.014988644314740595
TCGA-AR-A0TX	1	0.0005614082411800477	2.6545945743282044	0.14491798659810673	0.18065261517871842	0.0192734156537904
TCGA-B6-A0RO	2	0.0025490907127881258	0.014005964305329134	2.8352636629850196	0.10913033378888476	0.03905094820797809
TCGA-B6-A0RP	2	0.0814953548616662	0.00984071921789215	2.76122597193999	0.14029573027654474	0.007142223703907174
TCGA-BH-A0HK	2	0.003253228339243752	0.010432290998153494	2.9082782813313353	0.05546720699129453	0.02256899233997267
TCGA-BH-A0HX	2	0.0058565142127115916	0.007055847011685391	2.784062474071243	0.2015993984134639	0.001425766290895823
TCGA-BH-A0HY	3	0.0044908579857562145	0.1618671945647047	0.0085536682436645	2.8245182975264878	0.0005699816793864268
TCGA-A2-A0T7	2	0.002848528474672639	0.006932042095570924	2.657868064233395	0.33128668961226654	0.0010646755840942803
TCGA-AR-A0TP	0	2.89710730762027	0.009209545628395547	0.0018929577643059022	0.08168422626759785	0.010105962719430355
TCGA-AR-A0TZ	2	7.0825324005904465e-06	0.00047274089404282147	2.514247762254585	0.4799657072087713	0.005306707110199826
TCGA-B6-A0RT	0	2.3366147129838972	0.013634014616334515	0.5175533197572759	0.06538007267021155	0.0668178799722808
TCGA-BH-A0HP	2	0.02294473475245755	0.0044695851294396325	2.843755272485035	0.058697195838248645	0.07013321179481936
TCGA-BH-A0W4	2	0.014599788940186424	0.006525092739256624	2.8512360792869083	0.05649620176560481	0.07114283726804398
TCGA-AR-A0U4	0	2.9269512494596577	0.000990679817505875	0.02719691186650976	0.005170212792082197	0.039690946064244136
TCGA-B6-A0WX	0	2.776402102760821	0.01278198646878418	0.14882435045886966	0.03332536154226792	0.0286661987692573
TCGA-B6-A0WY	2	0.017992432635372046	0.009948610367163503	2.7450490315091205	0.19902630592626405	0.0279836195620793
TCGA-A2-A0YF	2	0.002035171358698832	0.010811778478638056	2.6811721272706563	0.2875982282656326	0.018382694626373954
TCGA-A2-A0YT	3	0.00241165993286778	0.0066497488995552	0.08079580211286141	2.907864368466884	0.002278420587830942
TCGA-B6-A0WZ	2	0.1282541325460992	0.054353471599961484	2.7332944596635014	0.047862123807870735	0.0362358123825672
TCGA-AO-A129	0	2.9496380936357154	0.0007079126879487571	0.007844012283929487	0.001516786174072378	0.04029319521833377
TCGA-AO-A12C	2	0.020319449119446685	0.009184352654866253	2.7938404564830277	0.0358366519126115	0.14081908983004787
TCGA-AO-A12E	2	0.00026582515516463914	0.007183669066275127	2.8673988143631863	0.10595094633160478	0.01920074508376901
TCGA-AO-A12G	2	0.012129021193936341	0.0036341381973975483	2.7194208398671287	0.2602845345123699	0.004531466229167464
TCGA-A2-A0YC	2	0.0019042563425449317	0.008621845402138131	2.913530608867055	0.0579054740614333	0.01803781532682811
TCGA-A2-A0YD	2	0.0055725584651245405	0.005749348690481598	2.9210201917736978	0.03519738171156929	0.03246051935912711
TCGA-A2-A0YE	0	2.8406510710983244	0.07906130391234609	0.056061516973734356	0.0051086644157106965	0.019117443599884067
TCGA-A2-A0YL	2	0.02195805170462874	0.006535573301024628	2.835180354470171	0.05236415753272601	0.08396186299144964
TCGA-AN-A0XO	2	0.0009249479701699333	0.003577685208639633	2.8674277746265453	0.11178863353185725	0.016280958662787524
TCGA-AN-A0XP	2	0.0005034478516451584	0.0016073037402482494	2.7946422441979273	0.19195664581735133	0.011290358392828015
TCGA-AN-A0XR	3	0.0018712928334707257	0.0021128257278781298	0.86180291076795	2.1160911144270544	0.018121856243646477
TCGA-A2-A0YI	2	0.07207035890224757	0.008231992816788766	2.734674221275635	0.01207879963227635	0.17294462737305222
TCGA-AO-A124	0	2.9876179712348216	0.00992812566634522	0.0010510955862085276	0.0002632124014704685	0.0011395951111538443
TCGA-AO-A125	2	0.0019105166087833116	0.0034518084550612493	2.8991002744268686	0.0786802481338602	0.01685715237542641
TCGA-AO-A126	2	0.017232044494563108	0.007418919230062121	2.823555576212584	0.11888240259159417	0.03291105747119614
TCGA-AO-A128	0	2.3751537616042375	0.01005905115205586	0.5457722268841995	0.04744352238087539	0.021571437978631876
TCGA-E2-A106	2	0.0031994471350431397	0.007124613132572134	2.838411623079492	0.11804011406296959	0.03322420258992339
TCGA-E2-A108	4	0.2782192758814506	0.023687959666097366	0.36664619779824736	0.09919378187739787	2.2322527847768066
TCGA-E2-A109	3	0.004198169756525036	0.011797870239654947	0.08957099595661182	2.894230984135355	0.00020197991185303793
TCGA-E2-A10B	2	7.465646397446742e-05	0.0038760596208523065	2.9225835586686673	0.0689674986585805	0.004498226587924929
TCGA-E2-A10E	2	0.0009441260976481753	0.004363831686120676	2.6270723739674717	0.35497736285842335	0.012642305390336079
TCGA-E2-A10F	2	0.013693764297463515	0.008003529117863568	2.839922270691056	0.07723414036448079	0.06114629552913616
TCGA-AN-A0XL	2	0.0021804465330998706	0.009398736566807047	2.734440702358182	0.23933807503202278	0.014642039509887777
TCGA-AO-A12B	2	0.0059307222656907665	0.0005637876567664809	2.9434991456014594	0.034957213876952095	0.015049130599130607
TCGA-E2-A10C	3	0.0017140593925786779	0.035350142356373564	0.7044046993224796	2.2447702285412854	0.013760870387282678
TCGA-BH-A0W3	3	0.0029181455327839984	0.009484231712043588	0.907034702995921	2.0664381557551623	0.014124764004088476
TCGA-A7-A13F	3	0.0060288318656139105	0.010590486985695983	0.47819528556833163	2.487705537690602	0.017479857889756343
TCGA-AR-A1AO	4	0.1770148373631127	0.007140585663266951	0.6692699113611088	0.02904472250860247	2.1175299431039085
TCGA-AR-A1AQ	0	2.9148183531565452	0.0060325619106811395	0.0485201503676621	0.005090755625292154	0.02553817893981923
TCGA-AR-A1AX	2	0.024440724596204222	0.014849145297842266	2.7571363371137734	0.1499363227337905	0.05363747025838921
TCGA-AR-A1AY	0	2.925003109803148	0.020483398401741973	0.036447862720495224	0.01615029648249135	0.0019153325921232955
TCGA-BH-A0AU	3	0.01160014718271772	0.022357762942171375	0.4586891412781344	2.497023087745279	0.01032986085169742
TCGA-BH-A0BZ	3	0.02487488714517838	0.013392007201845982	0.44011926444512023	2.486625723141479	0.034988118066376084
TCGA-BH-A0C3	3	0.015191402465623432	0.01852699916989412	0.8603359899786174	2.03153881215986	0.0744067962260047
TCGA-BH-A0DD	3	0.003732846201658824	0.13769876089014027	0.1854287801974042	2.659963925727726	0.013175686983070957
TCGA-E2-A15K	3	0.004673460834403276	0.007105638576761419	0.9617086882382924	2.002062958599848	0.024449253750695146
TCGA-E2-A1AZ	0	2.7529332567305667	0.013825105203064816	0.17689942219402968	0.024509355942570473	0.031832859929768254
TCGA-E2-A1BC	2	0.02651323903875003	0.022477540584252196	2.812577272293557	0.09641660815549612	0.04201533992794402
TCGA-AR-A1AP	2	0.014455616043028675	0.004206803768293147	2.658497495913984	0.3129826110761998	0.009857473198493769
TCGA-AR-A1AU	2	0.13680818511093387	0.005528022741778655	2.7376915125038384	0.10408586163096381	0.01588641801248547
TCGA-AR-A1AK	2	0.004524175160081073	0.004094977292796757	2.65716015725775	0.3272592099261067	0.006961480363264897
TCGA-BH-A0AZ	2	0.00610774968697619	0.0011805800756697978	2.903196162333127	0.0498975782766879	0.03961792962753876
TCGA-BH-A0B5	2	0.0007168144204146979	0.0038180791707439826	2.754353406917054	0.2317324806537206	0.009379218838066004
TCGA-BH-A0BF	3	0.08229940550422513	0.0281286957385362	0.7379472735047489	2.115538000494853	0.036086624757636784
TCGA-BH-A0DG	2	0.03566122941704031	0.0063559521284117316	2.765753585088995	0.08519479369161961	0.10703443967393261
TCGA-AR-A1AL	2	0.007152553803157979	0.0068357172025118665	2.8492320744230497	0.0738187904027652	0.06296086416851523
TCGA-AR-A1AV	2	0.001882745598413357	0.008113111306346345	2.896786133157056	0.0667038082187802	0.026514201719403815
TCGA-E2-A1B0	1	0.0444907775061525	2.862598086382564	0.00038989121099287845	0.027874039420299243	0.0646472054799907
TCGA-E2-A1B1	2	0.009184913780165827	0.026331652612217774	2.7922473473978164	0.08505119484606523	0.0871848913637345
TCGA-E2-A1B4	2	0.008782037729311364	0.005533877037394566	2.860417647603139	0.07819073269176648	0.047075704938388106
TCGA-AR-A1AR	0	2.7207545359342094	0.015906967580438185	0.22004114829940433	0.009544728736588444	0.03375261944935946
TCGA-BH-A1ET	2	0.003999065018914519	0.0052374383933038665	2.9222493431933385	0.0438318122865662	0.024682341107876513
TCGA-BH-A1EU	2	0.00047466983099209923	0.0021951849454751584	2.749584639901256	0.22977312645464093	0.017972378867635374
TCGA-BH-A1EV	1	0.0005152322031649829	2.657293031265066	0.1282206264230589	0.21088717726172707	0.0030839328469825884
TCGA-BH-A1EW	2	0.007504152349895463	0.024505367130824397	2.7842404723830674	0.18216650306486779	0.0015835050713444373
TCGA-E2-A14N	0	2.769240869303581	0.004156198759764036	0.1587548530784235	0.032919829927243155	0.034928248930988254
TCGA-E2-A15I	2	0.004749164491359502	0.008224406749000728	2.9164803244214363	0.0474107377715441	0.023135366566659325
TCGA-A2-A1FV	2	0.013613217205211676	0.0010357181470866878	2.712045602803756	0.26502384435218745	0.00828161749175795
TCGA-A2-A1FW	3	0.003816807255339186	0.015496900634307935	0.058198339110912996	2.9211362474346205	0.0013517055648191482
TCGA-A2-A1G1	0	2.670226040324988	0.21360655363427883	0.044872748126329805	0.05078050208515068	0.020514155829252752
TCGA-E2-A1IN	2	0.02505188321324143	0.000520345155610687	2.8404262804436655	0.1216153610258439	0.012386130161637997
TCGA-E2-A1L8	2	0.0003051533041068647	0.018633228426215297	2.877032081824317	0.0968806621144911	0.0071488743308697365
TCGA-EW-A1J2	2	0.008809070789412458	0.010827521990763976	2.8491636757909715	0.08317520889162051	0.04802452253723152
TCGA-A2-A1G4	3	0.008851172395292943	0.002605170324712076	0.8072559330668123	2.1634992103473665	0.017788513865815744
TCGA-AO-A1KP	3	0.0003711467071232968	0.0009178648403264781	0.4341876590952848	2.564128182548838	0.0003951468084269026
TCGA-AO-A1KT	3	0.0025328654527839918	0.0019301241077048167	0.46374736929565946	2.5285703474645773	0.0032192936792742365
TCGA-BH-A1EX	2	0.32874654218662186	0.046318128834781	2.336736076462007	0.0230305214427362	0.2651687310738537
TCGA-BH-A1FD	3	0.050385544254264385	0.13561759937082718	0.0166088725952507	2.7951376834806276	0.0022503002990297725
TCGA-BH-A1FL	2	0.0034016643121306173	0.004248622849315665	2.9224671179343256	0.0505175631251123	0.01936503177911552
TCGA-C8-A1HE	2	0.004113041518632609	0.0038982076584325705	2.9168564188573174	0.0633656876656454	0.011766644299971535
TCGA-C8-A1HO	2	0.1371759099389472	0.0033954427729073512	2.700110139775832	0.12463607424941271	0.03468243326290046
TCGA-D8-A1JD	3	0.033018593816402576	0.0005800509489188808	0.2729841754132976	2.6930154184568997	0.00040176136448132754
TCGA-D8-A1JL	0	2.940208325906408	0.018999771224228464	0.021243551981837177	0.0005264675106415532	0.019021883376885
TCGA-E2-A1IE	2	0.049807499364961615	0.008353398179384288	2.786677296032443	0.1436697319752818	0.011492074447928711
TCGA-BH-A0BS	2	0.009545504790703522	0.00559213354847284	2.8258381666948322	0.0973566568220777	0.06166753814391335
TCGA-BH-A0BT	2	0.005943416275561354	0.03971260710248474	2.6609968481985833	0.2646075020482591	0.028739626375111498
TCGA-BH-A0H3	2	0.013188796487408241	0.006054051059019931	2.8495510224421663	0.054592339068635046	0.07661379094277017
TCGA-A1-A0SQ	2	0.029536463095713547	0.009945176634336864	2.8127029792358584	0.056621515826944885	0.09119386520714595
TCGA-E2-A1IF	2	0.01693380414429589	0.008071548514272085	2.8337951169917956	0.058165182559095925	0.0830343477905402
TCGA-E2-A1IO	2	0.001562744789287322	0.01871832475983777	2.795827778847996	0.18125110484430504	0.0026400467585738557
TCGA-E2-A1LA	2	0.03297073519238026	0.021943968504637753	2.4922687600851603	0.42740312437377	0.02541341184405174
TCGA-E2-A1LB	1	0.0009923621513298142	2.7027605740766787	0.17136950919533703	0.08263048528599087	0.0422470692906633
TCGA-E9-A1N8	0	2.844792536747453	0.0475490179586348	0.009366737727588172	0.09487168540169544	0.003420022164628506
TCGA-EW-A1IX	2	0.05399203174427602	0.013405922856236064	2.809762268729658	0.03279469033917174	0.09004508633065791
TCGA-EW-A1OZ	3	0.00017029388138049402	0.08881479322003179	0.0229249992921084	2.8870366733193844	0.0010532402870946965
TCGA-EW-A1P4	0	2.834925090519066	0.08128938560147607	0.003662958957470228	0.07870697791712865	0.0014155870048588263
TCGA-EW-A1P5	2	0.002286773420434495	0.000253952676306258	2.9321785205677227	0.0644816912089575	0.0007990621265785394
TCGA-BH-A1F0	0	2.737271593331629	0.01621454745215588	0.17096637492143946	0.01696067089214061	0.058586813402634504
TCGA-C8-A1HF	1	0.0007935438172968357	2.753423970770811	0.13315841979732426	0.108958544044056	0.0036655215705113982
TCGA-C8-A1HG	3	0.1257895764481915	0.0018237018077734432	0.14259921101499023	2.72848986292042	0.0012976478086246137
TCGA-C8-A1HI	2	0.00026786611115969865	0.0036781970175857165	2.7941150169308067	0.1993634567818333	0.0025754631586141913
TCGA-C8-A1HL	3	0.0004218120456822984	0.15665044972502365	0.2534891205505912	2.5579468398342553	0.03149177784444715
TCGA-C8-A1HM	3	0.0052649542835362054	0.03857837912560308	0.2665116239487047	2.685305287356379	0.004339755285776927
TCGA-C8-A1HN	3	0.025032903101684253	0.014762784890851588	0.0571102882328635	2.900845632005338	0.002248391769262269
TCGA-BH-A0H7	2	0.00021409748420162742	0.02307756539315249	2.451105108737149	0.525411922939999	0.00019130544549748302
TCGA-E2-A1IH	2	0.0017012253895911978	0.01503501641477665	2.6176232415753553	0.3324693221632235	0.03317119445705262
TCGA-E2-A1L9	2	0.0188192982568042	0.009241324666412776	2.8203720239218564	0.057957084203092195	0.09361026895183464
TCGA-EW-A1J3	2	3.117184493056304e-05	0.11499291214836452	2.796047238228184	0.081348515465389	0.007580162313131419
TCGA-EW-A1J5	2	0.006707766102537371	0.010564450736716437	2.875274610844635	0.050124025578725306	0.05732914673738578
TCGA-BH-A1F6	0	2.9413853561067533	0.034050499568386204	0.0007416542693849774	0.022080329009846415	0.0017421610456286613
TCGA-D8-A1JU	2	0.017277659639759243	0.0049062142877572745	2.8463143849548533	0.0679697426567242	0.06353199846090606
TCGA-EW-A1IW	2	0.00015362066956237577	0.1774653516857798	2.500916251157792	0.3043134210381038	0.017151355448761705
TCGA-EW-A1J6	3	0.0008340620202041592	0.0035207613380731613	0.3812203739700752	2.6135145416535215	0.0009102610181261712
TCGA-A1-A0SI	3	0.01986568629439248	0.0198026028774396	0.8142859237032365	2.134973975959162	0.011071811165769123
TCGA-A1-A0SN	3	3.0400432835082775e-05	0.10366820988839301	0.09834815615801801	2.796259398868891	0.001693834651862916
TCGA-AO-A1KR	0	2.9111470250317937	0.05220753737718548	0.0024928705756143287	0.034046627787979296	0.00010593922742715949
TCGA-E2-A1IJ	2	0.003566080348155503	0.009364340710377145	2.9070330786577814	0.04757839817047145	0.032458102113214524
TCGA-E2-A1L7	3	0.15304429104381068	0.0008718133582566	0.16324884522319033	2.6825977257198854	0.00023732465485642234
TCGA-E2-A1LL	0	2.804297071693298	0.0686370688645942	0.06266493061944188	0.025061599330033102	0.039339329492632275
TCGA-A2-A1G0	2	0.029058404094371187	0.0013902195070235467	2.9302728852687934	0.03148520231299146	0.007793288816820463
TCGA-AQ-A1H2	2	0.008934863427952985	0.002383231605689014	2.623532122603161	0.363648924706823	0.0015008576563740584
TCGA-AQ-A1H3	2	0.012010555218065927	0.005477466281765423	2.8273847110591186	0.1185404384871906	0.036586828953859
TCGA-BH-A1EN	1	0.018024948549459928	2.913129700965453	0.0561720689492814	0.009524957024536053	0.003148324511269635
TCGA-BH-A1FC	0	2.9445894860384065	0.012793540807630926	0.014180064490125183	0.026381161349585465	0.002055747314251223
TCGA-D8-A1X5	3	0.032902731167017224	0.0101102846212043	0.1142641347872554	2.83734563526225	0.005377214162272725
TCGA-D8-A1XA	2	0.03217355750405053	0.025150641433597323	2.4913098305737353	0.41808013171721237	0.03328583877140444
TCGA-D8-A1XB	2	0.001999023744682043	0.0020394063291983176	2.902507210641658	0.08182550543138653	0.011628853853074394
TCGA-D8-A1XC	2	0.033916950752801295	0.009364266179501323	2.7921773175859577	0.036466233920125136	0.1280752315616143
TCGA-D8-A1XD	2	0.007628856561037364	0.021507535913391617	2.705400928733226	0.2102706423201185	0.055192036472226334
TCGA-D8-A1XG	2	0.00438663480491947	0.012450629911806283	2.8297188819760266	0.12593043281987734	0.027513420487369697
TCGA-BH-A1FE	2	0.05308640350220011	0.014793722088413015	2.6168203044304876	0.2949342430632513	0.020365326915647786
TCGA-C8-A1HJ	0	2.963719194774967	0.02595411610712706	0.004427759126210803	0.0028909232636008283	0.00300800672809419
TCGA-D8-A1JE	3	0.00013347365909845022	0.01134345272085942	0.5825202625998582	2.4036600318358157	0.0023427791843677473
TCGA-D8-A1JF	1	0.1753990777739379	2.1480124345106986	0.4457045129106529	0.2004401467155516	0.030443828089158503
TCGA-D8-A1JH	2	0.03575341628688548	0.005694396424766265	2.8281322622935043	0.041930478034112054	0.08848944696073228
TCGA-D8-A1JM	0	2.870687873964028	0.010941212603139244	0.03338972506777097	0.08467720144689843	0.00030398691816299226
TCGA-E2-A1IL	2	0.0037673386308879416	0.004130662720433441	2.9089299669952817	0.016883343742289086	0.06628868791110744
TCGA-E2-A1IU	2	0.0025214700009498986	0.003120991826688417	2.938600475900753	0.03686953816473611	0.018887524106871757
TCGA-E2-A1LK	0	2.899798456567506	0.002021261748994301	0.0012658685476711169	0.09659957936323506	0.0003148337725931474
TCGA-E9-A1ND	0	2.721434165859581	0.014872054382487237	0.18395912552326024	0.005662486407740957	0.07407216782693005
TCGA-EW-A1OV	1	0.3567236845129296	2.008541667763641	0.5134614638985744	0.040118596816202994	0.08115458700865145
TCGA-EW-A1OW	0	2.7764048488070294	0.013485747584188558	0.033352926346993356	0.001047515277751673	0.17570896198403688
TCGA-EW-A1OX	3	0.018663120919951544	0.010467133061867046	0.8429949840698602	2.0647398060769144	0.06313495587140666
TCGA-EW-A1OY	3	0.023822024423880483	0.0061834870760764495	0.2792462888146664	2.6877266881779107	0.003021511507465624
TCGA-EW-A1P0	3	0.04890068386257605	0.012125443198137234	0.2367165818118386	2.579804674067999	0.12245261705944872
TCGA-BH-A1FR	2	0.038836545111858606	0.010638767164981864	2.7927645526107527	0.0372658151899203	0.12049431992248688
TCGA-BH-A1EY	2	0.03847918041897513	0.011203823534150911	2.5882511458885293	0.36054302551735523	0.0015228246409893463
TCGA-D8-A1JP	2	0.03315436004929174	0.0038203632839824667	2.6033120896940796	0.3458057762191021	0.013907410753543833
TCGA-AO-A1KQ	3	0.0004735103646140174	0.006823806763155488	0.20977149453010446	2.781299129174267	0.001632059167858161
TCGA-BH-A1FG	2	0.008720010302001154	5.767176732673961e-05	2.692086912808401	0.2980574836562973	0.0010779214659736298
TCGA-A2-A04R	3	0.0007244737280987986	0.001834851939461859	0.5932675576629749	2.401886233102607	0.00228688356685692
TCGA-A2-A0YH	3	0.0008157527125656956	0.005132541946384633	0.21354838164622184	2.7800978811762604	0.00040544251856714403
TCGA-A2-A0YJ	0	2.7280068250495555	0.20179435501479884	0.00012292766475113033	0.004064436338774388	0.06601145593212021
TCGA-B6-A1KF	0	2.9590164583426004	0.02280687143856758	3.5112656890456796e-05	0.013955935709787433	0.004185621852153303
TCGA-C8-A1HK	1	0.0014868314733325404	2.828942168969011	0.007395662351400749	0.1511438276270384	0.011031509579217346
TCGA-D8-A1JB	2	0.04044633021985539	0.026235977050569178	2.7676650537258176	0.0907089858437555	0.07494365316000196
TCGA-D8-A1JK	0	2.6487684733748234	0.0527412637750546	0.16471314617148317	0.0926811393890933	0.0410959772895453
TCGA-EW-A1P7	4	0.2466623765099259	0.01455570915418673	0.6116479248954304	0.0488608825763339	2.078273106864123
TCGA-EW-A1PB	0	2.9306537885675423	0.016671591720773576	0.024294978827007364	0.002350171387855596	0.026029469496820643
TCGA-EW-A1PD	2	0.24118982055192406	0.017648373699710052	2.576177868478526	0.1291991792708905	0.035784757998948556
TCGA-EW-A1PF	2	0.1366797363464234	0.010749454297915035	2.6694221237473097	0.13742244196484737	0.0457262436435041
TCGA-E9-A1R6	2	7.25246069594903e-05	0.002687841918744947	2.7618444071608717	0.2322617809237178	0.0031334453897060867
TCGA-E9-A1RA	2	0.006564566159545633	0.0048903574660345145	2.7943037768504277	0.1494829786450147	0.04475832087897741
TCGA-EW-A1P1	4	0.056000630875182214	0.026580165424848208	0.7147473593642814	0.07087690944334742	2.13179493489234
TCGA-D8-A1J8	3	0.0037534711114161324	0.023812143374117502	0.7738933397517574	2.173170505985702	0.025370539777006464
TCGA-D8-A1J9	3	0.00018824291524354453	0.41918551696676715	0.12150952897880381	2.457760157536523	0.0013565536026623542
TCGA-D8-A1JA	1	0.009795068312472907	2.8340227448937383	0.0026921008977637976	0.0798305489406529	0.07365953695537183
TCGA-D8-A1JC	3	7.35566739826834e-05	0.014316164934616724	0.16258777123842025	2.822474964275732	0.0005475428772479667
TCGA-D8-A1JT	3	0.005986173495286942	0.00016974766639451903	0.5022621969172845	2.491015429632635	0.0005664522883990086
TCGA-E2-A1L6	2	0.0034911478974819195	0.00023026546756600938	2.930165169706686	0.02979604118058029	0.036317375747685315
TCGA-EW-A1IY	3	0.04908086167640228	0.007556761739654999	0.8787423146217112	2.0312544256841036	0.033365636278127705
TCGA-EW-A1J1	2	0.007208379274345977	0.00030460724538597725	2.901782680251382	0.07379899815505823	0.016905335073827417
TCGA-A2-A1FX	3	0.0003481489564621221	0.0003998848429803006	0.4399579503005427	2.555274280564138	0.004019735335876593
TCGA-AO-A1KS	3	2.719571879405707e-05	0.0004901502866643376	0.4103226346048594	2.5886386369133545	0.000521382476326838
TCGA-B6-A1KN	3	0.0014601313249224728	0.06640579928208962	0.004992742840299543	2.9267381454734602	0.0004031810792280795
TCGA-BH-A1F2	3	0.0020454658798905894	0.4311733790209026	0.020932288478388298	2.5386270823774244	0.007221784243393708
TCGA-BH-A1F8	3	0.005636269462536758	0.013349077313688975	0.1145965273976159	2.8633457275691594	0.0030723982569986607
TCGA-BH-A0W5	2	0.008730474775074904	0.0027030229951384393	2.916971535725813	0.05484623678150682	0.016748729722466934
TCGA-BH-A0WA	0	2.9171383766446533	0.015270228752896022	2.9494126348719223e-05	0.06752602582609607	3.587465000584856e-05
TCGA-E9-A22B	2	0.05448377232686837	0.021904004518757753	2.5034261735937293	0.40693192770520065	0.013254121855443772
TCGA-E9-A22D	3	0.001029102108797628	0.02291409855225232	0.24065983766973664	2.727567338229747	0.007829623439466107
TCGA-E9-A22E	3	0.4420516927226045	0.056275523230930574	0.4168787945971168	2.0839697232476637	0.0008242662016842834
TCGA-E9-A22H	3	0.010340355704612005	0.009183365021061039	0.7453794135315955	2.1853603866105056	0.04973647913222568
TCGA-AR-A254	1	0.004415252474438629	2.8310146614161296	0.0106140436075361	0.1503476042220133	0.003608438279882379
TCGA-E9-A1QZ	2	0.0075439017451460035	0.008522588388270143	2.828409372626426	0.09362584235623679	0.061898294883921026
TCGA-B6-A1KI	2	0.0031786194174764594	0.004045704575302417	2.839192519470737	0.09939195169328921	0.054191204843194896
TCGA-D8-A1XM	2	0.036999187307924654	0.016387141311091365	2.7842135726217943	0.040183546200541966	0.1222165525586479
TCGA-D8-A1XU	2	0.07500230665004616	0.04780222459977518	2.6614857932143665	0.2128392618478512	0.0028704136879607158
TCGA-D8-A1Y0	2	0.0011992922815455347	0.0010693075186999437	2.784502222291679	0.20975659394362522	0.0034725839644497436
TCGA-D8-A1Y1	3	0.00021511407073015407	0.0007555393015179413	0.6941481946434725	2.3006889964900648	0.004192155494214204
TCGA-E9-A1R3	2	0.004421811725927894	0.0023585457625789593	2.892410186992119	0.093418328896989	0.007391126622385358
TCGA-E9-A1N9	0	2.796293177189657	0.010794798098463001	0.13983572047269024	0.0328636892600201	0.02021261497916909
TCGA-E9-A1NF	3	0.07233354957263642	0.02987356331825937	0.18515554280832477	2.7116745981206543	0.0009627461801245337
TCGA-E9-A1NH	2	0.029509608829729406	0.006413363872662263	2.903619104826252	0.0517894955441762	0.00866842692718005
TCGA-E9-A1NI	3	0.00022300294826526967	0.0013880152137970734	0.7125420126752104	2.2836465670335735	0.0022004021291532516
TCGA-A2-A0YK	4	0.010328529547981026	0.005419714316971253	1.0878553207367103	0.03881721012736655	1.8575792252709706
TCGA-AN-A0XN	2	0.1669877566302144	0.01918198213522783	2.47527766725476	0.3195340192768098	0.019018574702987696
TCGA-AN-A0XT	2	0.0026381628032733587	0.0005535986525708174	2.8479002088394356	0.14152105007435226	0.007386979630367686
TCGA-AN-A0XU	0	2.8146421788786515	0.15901793525522182	0.0012258137005747719	0.01853152178466857	0.0065825503808830295
TCGA-AN-A0XV	2	0.07720443994505606	0.010765161913410239	2.739454740523814	0.11142274107113811	0.0611529165465812
TCGA-AN-A0XW	2	0.019989837851958583	0.015864023194931774	2.72320657079635	0.20034857613620718	0.040590992020552476
TCGA-AR-A0TU	0	2.956003691481304	0.006857182713629753	0.003153383646833439	0.0024689717165522936	0.031516770441680025
TCGA-E9-A1N3	2	0.037177395345383515	0.009946037091750003	2.7921985914988308	0.036225030657619374	0.12445294540641609
TCGA-E9-A1RB	3	0.10807045481657028	0.018670884945361108	0.19850303924146448	2.671722649323702	0.0030329716729017124
TCGA-E9-A1RC	2	0.00010174643148822643	0.00040852051042999346	2.8177539094886557	0.18143517397608783	0.0003006495933382675
TCGA-E9-A1RD	2	0.007108863224889257	0.00230507048337172	2.8997487044817287	0.04485444953651821	0.04598291227349179
TCGA-E9-A1RF	2	0.1745160515111974	0.10687532917029341	2.441180236201725	0.1637250346054211	0.11370334851136263
TCGA-E9-A226	3	0.2768737550418347	0.007667900994247042	0.1499164967401293	2.564787964652103	0.0007538825716852541
TCGA-E9-A227	2	0.00456099253369493	0.005207454430702612	2.9004495072960728	0.0641719897772322	0.025610055962296863
TCGA-E9-A228	3	0.007623688180281762	0.1089554463387882	0.1471022152672265	2.694411086246019	0.04190756396768406
TCGA-E9-A229	2	0.04384067925860721	0.015146886284026844	2.734918049810417	0.10079253962875459	0.10530184501819384
TCGA-E9-A22A	3	0.13643708921885492	0.022524059507478145	0.3701831700073115	2.447121232765645	0.023734448500710496
TCGA-AR-A24W	2	0.010961999929703085	0.005292930881488415	2.8534172154802797	0.05623504257105871	0.07409281113746949
TCGA-AR-A24X	2	0.0038566199085876916	0.004631789613256559	2.921332725785545	0.04332060114187011	0.026858263550740304
TCGA-AR-A24Z	3	0.0033556691620267014	0.013547858969783905	0.09449119045644336	2.8813148123384074	0.00729046907333817
TCGA-AR-A250	3	0.012253597427128669	0.26900947979119816	0.10438074885160549	2.48195391882331	0.13240225510675682
TCGA-AR-A251	0	2.9514296840230787	0.031066274225657338	3.7295766185307204e-05	0.015722981994516227	0.0017437639905620772
TCGA-AR-A252	2	0.0527548971334599	0.009590655563417051	2.785974188400509	0.0663933913969626	0.0852868675056509
TCGA-AR-A256	0	2.932819950979664	0.014589057169589373	0.0033865597322621935	0.049187541775746024	1.689034273783394e-05
TCGA-AR-A0U2	3	0.0016969800842916195	0.0192348796211905	0.1732073901540952	2.805621849278044	0.00023890086237856405
TCGA-AR-A0U3	2	0.0021826319981029393	0.006952913246309065	2.7392607095957953	0.2503149988312171	0.0012887463285754111
TCGA-B6-A0WT	2	0.043498271807059556	0.014778107136406102	2.7484908787635147	0.13295285121843753	0.06027989107458214
TCGA-B6-A0X1	0	2.9559132124674945	0.016755764494914366	0.015612389394166974	0.0021108328880250046	0.009607800755398849
TCGA-B6-A0X4	2	0.03379079561883387	0.009511535626120149	2.7924170049835912	0.03218866841710174	0.1320919953543526
TCGA-B6-A0X5	3	0.10539634201633881	0.0054971325983984975	0.4759329011622424	2.3684648617392035	0.0447087624838165
TCGA-BH-A209	3	0.1564143200228413	0.0391258323253379	0.1376850368741642	2.6472464576270966	0.01952835315055932
TCGA-D8-A1Y2	3	0.05628890277364974	0.007771160067011906	0.9811736036559952	1.939105466646192	0.015660866857150915
TCGA-D8-A1Y3	3	0.06066252485916811	0.0002633823378063476	0.08442116763055774	2.8499580574423673	0.004694867730100277
TCGA-E2-A1LI	0	2.8849251304054317	0.0006374519531869151	0.07077980060804577	0.0021337550725039757	0.04152386196083098
TCGA-A2-A25B	3	0.01802101903883806	0.05498702003167135	0.049556429042874876	2.876641842648204	0.0007936892384116714
TCGA-A2-A25E	3	0.023563969674803936	0.008488123646605073	0.4501045827785452	2.5119284215023856	0.005914902397659867
TCGA-A2-A25F	0	2.123459936110735	0.01508873688345449	0.7025750127603198	0.0560951066694914	0.1027812075759987
TCGA-A7-A26E	2	0.009877247769716983	0.006094299435922864	2.7305574645628354	0.2283068284349205	0.025164159796603677
TCGA-A7-A26G	0	2.786403181335655	0.0550342304224604	0.019793042015677092	0.1073096722634295	0.0314598739627776
TCGA-A7-A26H	2	0.02313627973340487	0.014692209543745761	2.831877580311783	0.1198652895803466	0.01042864083071951
TCGA-A7-A26J	2	0.004645012710112866	0.0027025269317435627	2.579133477052148	0.4103471214666675	0.003171861839327867
TCGA-AR-A24H	3	0.019375314257590877	0.0033240881040254	0.08857209237337053	2.8848765419599274	0.0038519633050855063
TCGA-AR-A24K	3	0.18006262789993835	0.004109389465722908	0.5655977291399694	2.231233090834337	0.01899716266003255
TCGA-AR-A24L	2	0.005890706779128513	0.04273298206604875	2.837307817191167	0.07022431466736159	0.04384417929629401
TCGA-AR-A24M	2	0.006886301995615977	0.021058282877594016	2.82886572935636	0.107562103918613	0.03562758185181664
TCGA-AR-A24N	3	0.03421389759676848	0.0015934874165652814	0.67785064967617	2.282846527749504	0.0034954375609922523
TCGA-E9-A247	2	2.1595068632690642e-05	0.004331659369248661	2.7041127195423815	0.2892004398011568	0.0023335862185798173
TCGA-E9-A248	1	0.21797392787240288	2.4098412924077133	0.2653684747980061	0.08561005808927728	0.021206246832599782
TCGA-E9-A249	3	0.0002638709559432733	0.001592890953936188	1.010201808700662	1.981096371194428	0.006845058195030575
TCGA-AQ-A0Y5	2	0.0002921756740660304	0.18829060011574128	2.699395988607947	0.10378053335031279	0.008240702251932476
TCGA-GM-A2DN	2	0.016101199085999073	0.0060878895790157025	2.8475276343845035	0.04579350780780808	0.08448976914267296
TCGA-GM-A2DM	2	0.03922619609281658	0.010390835824103066	2.791447025689279	0.04249721549843028	0.1164387268953707
TCGA-AR-A24O	2	0.021545601130815755	0.007692456517480792	2.840432575930408	0.052424758470889406	0.07790460795040599
TCGA-AR-A24P	2	0.0023172356134932718	0.00908249935062475	2.832056696488433	0.1444156325824877	0.01212793596496068
TCGA-AR-A24Q	0	2.8109212276379387	0.01501387574738631	0.0010288199452438845	0.1673160319780818	0.0057200446913490905
TCGA-AR-A24R	3	0.0004391173168629659	0.006346515959086307	0.287979271415305	2.6936908992352353	0.011544196073510279
TCGA-AR-A24S	3	0.3344273522837707	0.0136187499858243	0.043257052873967895	2.5837972560281495	0.02489958882828754
TCGA-AR-A24T	2	0.0022814823233209503	0.006893254862662426	2.889631991735033	0.08706083200998882	0.014132439068994671
TCGA-AR-A24U	1	0.01511422048106	2.732147546323689	0.06309240221278108	0.1427851674011529	0.0468606635813172
TCGA-BH-A201	2	0.05670445808540604	0.01629320255634626	2.7907339702225022	0.04749807563784301	0.08877029349790248
TCGA-BH-A202	3	0.009639696273153156	0.0668892943387713	0.13476005443268654	2.78682830140486	0.0018826535505288297
TCGA-D8-A1X6	3	0.0025779045086370333	5.546377223499578e-05	0.5351040213345819	2.461253794051043	0.0010088163335027626
TCGA-D8-A1X7	3	0.09563209224811424	0.014236866339581652	0.74931172968762	1.9274189385404112	0.2134003731842722
TCGA-D8-A1X8	2	0.016304093461568494	0.0074811217458616765	2.850245974719577	0.06343940273604931	0.06252940733694305
TCGA-D8-A1XJ	1	0.009230383401328302	2.759370694166896	0.00950247612882086	0.19969415491514628	0.02220229138780816
TCGA-D8-A1XK	0	2.925615871473855	0.004169424367124271	0.034560363334679906	0.012987624567439815	0.02266671625690085
TCGA-BH-A1FB	2	0.0363671818200167	0.004504788868669554	2.800930290395949	0.046157217204326854	0.1120405217110376
TCGA-BH-A1FJ	3	0.03632940684157032	0.024558652590106575	0.6008502748740273	2.266932506867053	0.07132915882724251
TCGA-C8-A27A	3	0.05180112868103074	0.12970918864318548	0.002229443525974674	2.8084271893061654	0.007833049843643027
TCGA-E9-A1RH	1	0.2868031247837147	2.5845110990587905	0.00829971473823247	0.11929864990850779	0.0010874115107541004
TCGA-E9-A1RI	2	0.0016708193552721685	0.006178606070751481	2.7727202426632704	0.17993573433503027	0.039494597575675076
TCGA-AC-A23H	1	0.0022474834816869314	2.6764738828708503	0.07119380574611632	0.2485436920888405	0.0015411358125058498
TCGA-BH-A204	3	0.00043763963417143225	0.003795472951437553	0.2441163898427061	2.7507493281952593	0.0009011693764253266
TCGA-BH-A208	4	0.2459321176895144	0.007104302291781508	0.20181606340426522	0.07228342217676152	2.472864094437677
TCGA-AC-A2B8	2	0.007255644839135171	0.0037361352634536116	2.912318216736661	0.05661927366426418	0.020070729496485643
TCGA-C8-A26X	1	0.0544585098767675	2.411115685013341	0.16179594859645124	0.34112551119938916	0.031504345314051
TCGA-C8-A26Y	1	0.2865301130173596	2.5408349581687713	0.09424648978089609	0.07536646852030618	0.0030219705126662447
TCGA-C8-A26Z	2	0.000403061290997901	0.058401167766782336	2.606515245092253	0.32401675664975327	0.010663769200213512
TCGA-C8-A273	2	0.035262599071301644	0.002733995983204037	2.666040154058465	0.2508985683213999	0.04506468256562916
TCGA-C8-A274	3	0.037348502882589195	0.06105173295250692	0.871676239091456	2.0267910152624053	0.003132509811042079
TCGA-C8-A275	1	0.0020288484430503	2.864771683257614	0.054147913335842596	0.0581323898702392	0.020919165093253454
TCGA-D8-A27E	2	0.03535321435855852	0.010223039749680248	2.796584866358187	0.035236378304580256	0.1226025012289934
TCGA-D8-A27F	0	2.946660185160657	0.007394430436894318	0.013575936079250693	0.023615709645603368	0.008753738677594228
TCGA-E9-A1R7	3	0.001176444757786787	0.017952266406479928	0.4776813667422225	2.4988707976008246	0.004319124492685914
TCGA-EW-A1PH	0	2.8602706657475707	0.015169294191122942	0.0010144537853676683	0.12089900081329681	0.0026465854626417156
TCGA-AC-A2FK	4	0.04236459690713967	0.012407751433882392	0.6954935648113679	0.027609724718131896	2.222124362129478
TCGA-AR-A2LE	2	0.004565693686918463	0.0054801488955159875	2.9206767614047306	0.04744127085828281	0.021836125154552407
TCGA-A2-A25A	4	0.056111444987185705	0.01125729980685493	1.0175368345538944	0.037760433666004074	1.8773339869860606
TCGA-A2-A25D	2	0.018281293967437703	0.00239071078240319	2.6333076341388435	0.3384402554273114	0.007580105684004308
TCGA-C8-A26V	3	0.04314634226667033	0.004204379649018106	0.5881891919531281	2.288623629851092	0.07583645628009113
TCGA-AC-A2FB	2	0.004334078136956464	0.08326575675749388	2.7158127133145995	0.05740132486885198	0.13918612692209775
TCGA-AC-A2FG	2	0.004957079583864199	0.005433304335297365	2.9220361204530203	0.03835006375463169	0.029223431873186517
TCGA-D8-A27V	2	0.00027136059598009666	0.0008921329949086321	2.837270960455072	0.14149324153225454	0.02007230442178497
TCGA-EW-A2FS	2	0.027310906930410734	0.025650308234171488	2.770974070182488	0.125476390678484	0.05058832397444489
TCGA-EW-A2FW	3	1.5541425723343774e-05	0.005302665866495284	0.524856359583904	2.4556529117001036	0.014172521423773255
TCGA-D8-A1XY	2	0.012992289297496247	0.003282488746535391	2.8368631906743764	0.1415059025217793	0.00535612875981216
TCGA-E2-A1LG	0	2.1255123470076773	0.0013146517942324585	0.33103037300472854	0.5399008201711509	0.0022418080222105464
TCGA-E9-A1N4	2	0.0007641858086419215	0.0013401072287233442	2.732150171786875	0.24116732196113458	0.024578213214625343
TCGA-E9-A1NG	2	0.008580924527123153	0.006680821063774534	2.88660603289459	0.07170593862051801	0.026426282893993517
TCGA-AR-A2LK	3	0.0004371397705287055	0.00044488757024289065	0.5923813720642068	2.4061024679237133	0.0006341326713085042
TCGA-E9-A2JS	3	0.0010799902194936744	0.024245175427174626	0.0890734537648612	2.8854295088666775	0.0001718717217927412
TCGA-GM-A2DD	4	0.2514463316903932	0.10901430160123782	0.021663702237318127	0.0878721151836701	2.5300035492873807
TCGA-GM-A2DF	0	2.7723094329361047	0.015530274751840321	0.09110913159755052	0.0821540800633154	0.038897080651188805
TCGA-GM-A2DH	1	0.12315830336958718	2.1103728798189794	0.5344047909448204	0.13682698045241448	0.09523704541419803
TCGA-GM-A2DK	2	0.018875531652083565	0.028624244488285076	2.790501469060116	0.0925448858342532	0.06945386896526148
TCGA-D8-A27G	2	0.0022215456019201623	0.015774355645129794	2.9121731780505815	0.0495444356777491	0.020286485024618814
TCGA-D8-A27H	0	2.81574425794192	0.0038744328167220725	0.001540831302744249	0.17697016587968836	0.0018703120589248373
TCGA-D8-A27K	2	0.01225066838039597	0.006170333160333253	2.8504982220837194	0.053018485103424065	0.07806229127212697
TCGA-D8-A27M	0	2.8542947414984403	0.006268558954939031	0.061170774909315405	0.0511027161993521	0.027163208437952897
TCGA-D8-A27N	3	0.0014227863051922177	0.0540736426650037	0.14956308434557777	2.7728789403900374	0.02206154629418868
TCGA-D8-A27P	2	0.003996982403373728	0.004722500026329018	2.920456912201462	0.04510073248645104	0.025722872882384347
TCGA-D8-A1XL	3	0.11448215265911449	0.07478715353384949	0.0401814091401792	2.7693889423146953	0.0011603423521608345
TCGA-D8-A1XO	2	0.0064247070622690085	0.007948774534576214	2.8931354260565714	0.08322003773631656	0.00927105461026637
TCGA-D8-A1XQ	0	2.9231441598461063	0.001032891040534954	0.027337161827697274	0.047883614362378424	0.0006021729232830288
TCGA-D8-A1XR	3	0.000504901401980984	0.0018120084901345477	0.7645671919938859	2.2168543628524207	0.0162615352615779
TCGA-D8-A1XT	1	0.1919698727903719	2.749097192143658	0.002911191433515319	0.027001060355961212	0.029020683276493427
TCGA-D8-A1XV	2	0.014807791238644475	0.007283150875827497	2.7198468664693087	0.1909913112722372	0.06707088014398195
TCGA-D8-A1XW	4	0.580411348433996	0.00025352820503407353	0.016148976412889204	0.0007914146760377327	2.4023947322720427
TCGA-EW-A1P3	2	0.005945759111827486	0.011502993445041744	2.852708405356994	0.098720658876554	0.031122183209582963
TCGA-EW-A1P6	2	0.045760730851228316	0.00046901986452125167	2.4384628561842105	0.5107899092124195	0.0045174838876196706
TCGA-EW-A1P8	0	2.9258560682486623	0.029921480809231894	0.025055280803208242	0.006331486550136076	0.01283568358876187
TCGA-EW-A1PA	2	0.18122301466269075	0.18479173894733156	2.465108159012947	0.1287726900137472	0.04010439736328315
TCGA-EW-A1PG	4	0.032497558329628626	0.030471381445822798	0.3014532011570887	0.04029666483036678	2.5952811942370926
TCGA-A2-A1FZ	2	0.12403654475036348	0.017530312277079182	2.758222809900712	0.06535552299725447	0.03485481007459135
TCGA-BH-A1FU	4	0.0363595968147062	0.1411500259725691	0.43358955430307483	0.17186520569297	2.2170356172166796
TCGA-D8-A27R	3	0.06456321149602105	0.008174644116731957	0.16458028686143508	2.7583249416990587	0.00435691582675278
TCGA-D8-A27W	3	0.0020226885660069804	0.002551025980542169	0.4019378944593401	2.5913088261178796	0.0021795648762310753
TCGA-E9-A1R0	2	0.01601991050194444	0.006393655392564048	2.8560677926944757	0.06816757238776291	0.05335106902325279
TCGA-E9-A245	2	0.030853085869873672	0.009401937197910784	2.792593157386819	0.03422479717590046	0.1329270223694961
TCGA-E9-A295	2	0.00016433828976816488	0.001006402306520633	2.8316302645997498	0.16274130876587398	0.004457686038087649
TCGA-AR-A2LH	4	0.04385121839503499	0.0063564089868707	0.8010621829810307	0.033000948224500636	2.115729241412563
TCGA-AR-A2LN	2	0.016497998832330888	0.007363400024536191	2.8373452009900535	0.04783288900230536	0.090960511150774
TCGA-AR-A2LO	2	0.012665723123263471	0.005810901700734127	2.8229741332621785	0.12073344262928955	0.03781579928453422
TCGA-AR-A2LQ	4	0.030685842444109622	0.010665339334923037	0.9460635821846509	0.03857061085395769	1.9740146251823583
TCGA-AR-A2LR	0	2.9404650952453313	0.0005130106644710122	0.01683878543521302	0.04148300464901243	0.0007001040059716137
TCGA-BH-A2L8	2	0.013783581233748206	0.0030861204788805263	2.8843003309668336	0.04029742945116731	0.0585325378693702
TCGA-E9-A2JT	2	0.0598779485534611	0.010755395101614234	2.7488380424443433	0.051869598243389	0.1286590156571914
TCGA-GM-A2DA	2	0.00076189001750116	0.1914360797720576	2.6642391226784117	0.10841953721088597	0.03514337032114349
TCGA-GM-A2DC	2	0.001146737575483666	0.0011917279646532803	2.5508461320161477	0.4460611613918083	0.0007542410519065192
TCGA-GM-A2DI	2	0.02315861639749544	0.006415325374855834	2.906730986285689	0.026519241081496617	0.03717583086046258
TCGA-A2-A3KD	2	0.023710726820340915	0.003927449827974782	2.822957622200059	0.10714775520594477	0.042256445945679885
TCGA-A7-A3J0	2	0.10461003878883819	0.023947651258920722	2.735523736200946	0.09061391169960736	0.04530466205168717
TCGA-A7-A3IZ	2	0.0004094912191643564	0.0021399850148889573	2.8813985602222516	0.1121543811309634	0.003897582412731898
TCGA-AC-A23G	2	0.017283313700175416	0.005168887339583918	2.865518537289482	0.04871129675183275	0.06331796491892511
TCGA-A7-A3J1	2	0.00035678972564613497	0.004053983630872469	2.61836187242956	0.3676099130183364	0.009617441195584844
TCGA-AC-A3HN	2	0.003990566269087744	0.0030848527754903728	2.938449647822079	0.032128061106635346	0.02234687202670732
TCGA-C8-A3M8	3	0.012750536957846859	0.011198728389514124	0.6856489415213948	2.2663231852370336	0.024078607894210294
TCGA-E2-A3DX	2	0.016539165693464895	0.009056080168171346	2.8260108674570352	0.044680508901846806	0.1037133777794811
TCGA-A7-A3IY	2	0.030676938833846666	0.009385453899846168	2.798416453459907	0.0380528822149286	0.12346827159147117
TCGA-AC-A2BK	0	2.8001862597507357	0.12457149016827898	0.00025529547226207466	0.06695223628701426	0.008034718321708784
TCGA-AC-A2BM	3	0.0006315433362046025	0.0015343668017541354	0.5063214599994594	2.487011262506961	0.004501367355620583
TCGA-C8-A3M7	2	0.00776038772300347	0.008825921287077598	2.787866990828809	0.09049467494438794	0.1050520252167216
TCGA-B6-A0I1	0	2.874788606615898	0.0032575875700633387	0.09997989414375182	0.017067736181812166	0.004906175488474467
TCGA-E9-A3Q9	2	0.033426282480659375	0.009502248717981774	2.7449176393148047	0.0850774405820553	0.12707638890449832
TCGA-GI-A2C9	0	2.9807696676069546	0.0032365499426179316	0.0011535208557802165	0.013930885667237564	0.0009093759274097061
TCGA-GM-A2DL	2	0.021738178895292434	0.007084363572390499	2.7439170257360783	0.18571008556974838	0.04155034622648963
TCGA-GM-A2DO	3	0.027184544553241752	0.0085303624411832	0.9385472274534891	1.958036772185995	0.06770109336609038
TCGA-BH-A0B9	0	2.641938614705728	0.027304591016377822	0.1926248786206536	0.10944137697471208	0.02869053868252797
TCGA-E2-A1BD	2	0.0024606024435822977	0.0011731051850053344	2.9121513855386874	0.07578978354588078	0.008425123286843977
TCGA-BH-A1ES	2	0.06942394628632857	0.004679093592776091	2.88250586453973	0.029472557468535904	0.013918538112629346
TCGA-E2-A1B6	0	2.2591053978545075	0.011818268900633356	0.5994082066385851	0.05254331989145683	0.07712480671481717
TCGA-A7-A13H	2	0.0016449205922411524	0.004459084583952485	2.8743904638708875	0.08063588532590765	0.03886964562701062
TCGA-E2-A2P6	2	0.005810996385489254	0.003771665121403273	2.8730917444100674	0.1034169477480471	0.013908646334992468
TCGA-A2-A0CO	2	0.004666901851199867	0.0029157196852175053	2.889131151793274	0.07123750029106964	0.03204872637923918
TCGA-A7-A3RF	2	0.032369923048613726	0.009588354150221315	2.7950456790778078	0.03269337532302942	0.13030266840032756
TCGA-E2-A14U	2	0.032741963770784505	0.006513218108358045	2.879192011096413	0.03163941342554364	0.04991339359890109
TCGA-E2-A2P5	2	0.00038397844901631587	0.0008299556718634566	2.7918145322977073	0.2063216421930295	0.0006498913883833747
TCGA-A2-A0EP	2	0.03967669870597308	0.00844206653170492	2.727125713825509	0.0333142589252923	0.1914412620115208
TCGA-A2-A3XT	0	2.8921951682094695	0.002723191177105375	0.015104359578468929	0.0816120700547054	0.008365210980250783
TCGA-A2-A3XU	0	2.7522358754176675	0.0006395142657505174	0.19253247152657402	0.04719681334547966	0.007395325444528189
TCGA-A2-A3XX	0	2.824855680452573	0.0007534683283921974	0.018559180923233914	0.0029281384159863763	0.1529035318798142
TCGA-A2-A3XW	4	0.019547211469661166	0.01067134269686988	0.7855776936113082	0.04987107564573031	2.13433267657643
TCGA-A2-A3XY	0	2.686527078555355	0.019682671276250854	0.1263199147347066	0.09841242361888043	0.06905791181480697
TCGA-A2-A3XZ	1	0.016969934212311334	2.6811819171861133	0.1486266958866502	0.04080373012596639	0.1124177225889583
TCGA-A2-A3Y0	0	2.8800051815095165	0.0213589578089897	0.07729721206087353	0.019639143319788107	0.001699505300831872
TCGA-AC-A3QP	2	0.014555061228713051	0.0032870027301068394	2.9100603353730468	0.05460970688865008	0.017487893779482767
TCGA-A7-A426	2	0.01092343711314408	0.0026189312278823576	2.905779520221789	0.060587714754998065	0.020090396682186
TCGA-LL-A442	2	0.03305774545800864	0.01010199316136848	2.794521168400357	0.03678386303430248	0.12553522994596325
TCGA-AC-A3YJ	2	0.0389787239603313	0.009477844484619025	2.8009830090449794	0.03653260386826468	0.11402781864180542
TCGA-B6-A401	2	0.08005119180848302	0.012328866301161201	2.7671659868197858	0.08733460728410126	0.05311934778646826
TCGA-B6-A400	0	2.8567201871507173	0.016117338218150444	0.0014268882266283759	0.12455377557633324	0.0011818108281705562
TCGA-B6-A402	0	2.8836948211857667	0.05241881526092554	0.0016153800756351505	0.06030136218245702	0.001969621295215397
TCGA-B6-A408	2	0.0031598458892841477	0.0023282143029643393	2.8883189259701245	0.10002926981899707	0.006163744018629375
TCGA-B6-A40B	2	0.00031294678001508066	0.0034117136004822536	2.8433537614093156	0.14681690718909454	0.0061046710210922546
TCGA-B6-A409	0	2.825727895575404	0.020883957031201886	0.06592508610503597	0.001131258893880194	0.08633180239447709
TCGA-B6-A40C	2	0.01114295836390651	0.0023429427701903956	2.888207725163075	0.0818733733175946	0.01643300038523352
TCGA-BH-A42T	3	0.00456869441996657	0.028840007151365466	0.2535088330892723	2.7111172787450344	0.0019651865943609054
TCGA-BH-A42U	4	0.02497091330475749	0.009427829035652622	0.8462160533298624	0.04248163621069931	2.076903568119028
TCGA-D8-A3Z5	2	0.006373799536247256	0.005962434016429133	2.919896717172703	0.03275842892920501	0.035008620345415166
TCGA-D8-A3Z6	2	0.0030195015009583247	0.007314247864302013	2.8808701677162083	0.10350428241160525	0.00529180050692571
TCGA-E9-A3X8	2	0.016337357233932204	0.0031237111406532355	2.8339028579413474	0.09581100975773381	0.05082506392633304
TCGA-LL-A441	4	0.3043684437632373	0.007831299436105055	0.2621632982510954	0.022119959525378124	2.403516999024184
TCGA-AC-A3YI	4	0.03979111395126908	0.011809179934857335	0.8595474057822828	0.061314400345495956	2.0275378999860947
TCGA-A2-A0CK	2	0.0032612145417884302	0.005440402721051631	2.92463061514446	0.04692848380768745	0.01973928378501222
TCGA-A2-A0CR	2	0.027742943389471603	0.007276902573962897	2.8212705365733273	0.044423508113874806	0.0992861093493631
TCGA-AC-A3TM	2	0.002513726093096025	0.005583018642187619	2.927982784313817	0.03537387091059111	0.02854660004030767
TCGA-AC-A3TN	2	0.012565474164849566	0.010197421773231328	2.8711599172202504	0.05723781576568135	0.048839371075987056
TCGA-AC-A2FE	2	0.006725710826533977	0.009259053113912206	2.8438494780880603	0.0510572157391421	0.08910854223235076
TCGA-AC-A2QI	2	0.01039357680579214	0.004534072686959909	2.892320576999667	0.07555621013119128	0.017195563376389524
TCGA-AC-A2QJ	0	2.6799008006946856	0.0023126605759084106	0.21672536256478347	0.09263956835293846	0.008421607811683393
TCGA-AC-A3EH	2	0.0004252673988489484	0.0006732814820833798	2.8205978580541595	0.1757806149932911	0.002522978071617216
TCGA-AC-A3BB	2	0.011021096462818373	0.00750130556259446	2.8405016804051932	0.10657104304049538	0.03440487452889817
TCGA-AC-A3W5	1	0.00043202682386394035	2.7531378283114267	0.09353584233965544	0.13186586752783216	0.0210284349972212
TCGA-AC-A3W7	2	0.005926911247742268	0.004020450873943034	2.9255959942223595	0.045120068151034816	0.019336575504920465
TCGA-AR-A2LJ	2	0.0012640945958451617	0.05339249660472875	2.7388875682619016	0.12488521910801345	0.08157062142951077
TCGA-AR-A1AM	2	0.011371140332399698	0.00484998282405792	2.849565121525197	0.06555202146393348	0.06866173385441175
TCGA-E2-A107	2	2.9161967041801445e-05	0.002632209076475316	2.6321380676527437	0.36211772416259946	0.0030828371411396045
TCGA-EW-A424	2	0.0018613481627299264	0.007980765238512988	2.935734005452444	0.038195199778095844	0.016228681368216757
TCGA-GM-A3XL	0	2.9129797760117544	0.006477295758242562	0.029164816681974775	0.048496464554133215	0.0028816469938949835
TCGA-GM-A3XN	2	0.01094366656009498	0.003363993074932586	2.885891218789107	0.03700321592150231	0.06279790565436313
TCGA-JL-A3YW	1	0.17339374766875942	2.628881877458088	0.0229594856766554	0.1309355397264109	0.043829349470085405
TCGA-JL-A3YX	2	0.0024245021234076862	0.0034585029195882554	2.83675551448322	0.15145368708974008	0.005907793384043561
TCGA-E2-A1LE	1	0.035693074896317525	2.861761022978268	0.003542716670740099	0.05980283644383441	0.039200349010839595
TCGA-EW-A3U0	0	2.9255342613018924	0.016601286803139475	0.001037488908404539	0.04604916884644152	0.01077779414012132
TCGA-GM-A3NW	2	0.00031521201991326384	0.0011066749052817987	2.91230800079522	0.07961643090188714	0.006653681377697644
TCGA-D8-A4Z1	2	0.03177827266743903	0.006203396665661875	2.799636618597934	0.053906164854408016	0.10847554721455681
TCGA-A2-A4S3	3	0.01414641745497195	0.03306342154975	0.24847885225856928	2.6986129899815277	0.0056983187551809785
TCGA-A2-A4S2	2	0.003388937223626124	0.0008018431382511354	2.9605915833602756	0.033485769735556885	0.0017318665422897436
TCGA-A7-A4SE	0	2.79791808440565	0.005119627488469883	0.14799959345965147	0.04039879616186344	0.00856389848436503
TCGA-A7-A4SF	1	0.02389972233968144	2.6969825858617917	0.12735221035355235	0.0842498332952577	0.06751564814971638
TCGA-AQ-A54O	3	0.010402717643491644	0.009214666620366466	0.3264870115508008	2.6507329769709487	0.0031626272143921476
TCGA-AQ-A54N	0	2.8354890154200834	0.080080708312699	0.007926005795450665	0.07461586286869287	0.0018884076030741205
TCGA-A2-A4RW	2	0.6141626201634648	0.012426966172527023	2.3278002643872164	0.006140013880204373	0.03947013539658727
TCGA-LL-A50Y	2	0.0025443949167002168	0.0036184070789206536	2.9224184033418146	0.04997891864348091	0.021439876019083575
TCGA-A7-A4SB	2	0.0005058258520188687	0.00013096748543411804	2.936582954212588	0.050627710926612744	0.012152541523346373
TCGA-A2-A4RX	0	2.3465839400503654	0.0008359910232082249	0.5403538889255778	0.06192833019174349	0.050297849809104594
TCGA-A2-A4RY	4	0.02584019151762046	0.007719047806021191	0.8603766467458853	0.03417566212230048	2.0718884518081717
TCGA-A2-A4S0	2	0.0328532231023547	0.009703100127962805	2.7937966048271017	0.032547090401231334	0.13109998154134914
TCGA-LQ-A4E4	2	0.0094777688399999	0.007490446785448743	2.8720934390021933	0.09919614131481219	0.011742204057545355
TCGA-A7-A4SA	2	0.22588820444606583	0.004813750459445186	2.6883381870761087	0.0629479888419755	0.01801186917640471
TCGA-MS-A51U	2	0.015378040760298809	0.0062250316368731035	2.890367616935151	0.04578078269548649	0.04224852797219048
TCGA-A7-A5ZV	0	2.994776387459826	0.0032410431596026123	0.0016334485021172022	2.453591376479355e-06	0.0003466672870775419
TCGA-AC-A5EH	1	0.0027479088040478087	2.1174943313927765	0.42771611718673536	0.43905933808086844	0.012982304535571572
TCGA-AC-A5XU	2	0.006998716372978903	0.08929327037223218	2.8233094541973003	0.061711450468226854	0.018687108589261314
TCGA-AR-A5QN	2	0.0018603585123154955	0.0030020538380292087	2.886806263704928	0.10539371495000653	0.0029376089947201855
TCGA-AR-A5QQ	0	2.04177897562933	0.0066612795057159	0.7990644645399251	0.076900599154352	0.07559468117067687
TCGA-E9-A5UO	3	0.0018052505721453949	0.07013832219865221	0.4271220531750396	2.4925744135676178	0.008359960486544258
TCGA-AR-A5QP	2	0.06316002088398419	0.004648663960277963	2.8603388642617023	0.05158469801237331	0.02026775288166205
TCGA-GM-A5PV	2	0.010059749820506362	0.003674344083709203	2.8679155388518387	0.0770159685651316	0.041334398678814076
TCGA-GM-A5PX	2	0.008048682723875515	0.010147029009571675	2.7452482108075595	0.022932308435938416	0.2136237690230544
TCGA-OL-A5RY	4	0.0079755914666627	0.38015816304821337	0.10771624054519519	0.007784558633579919	2.4963654463063487
TCGA-OL-A5RX	2	0.013393399621248124	0.005670895550533839	2.8533021256528226	0.049219564342730476	0.07841401483266483
TCGA-OL-A5RZ	1	0.00019720703912057925	2.7747391588609163	0.004966659984647596	0.21581802598214084	0.004278948133174457
TCGA-OL-A5RV	2	0.002352994952666339	0.007056952675641266	2.9056034157451247	0.04999442596245091	0.03499221066411632
TCGA-OL-A5S0	0	2.904578356776673	0.025737323648514995	0.06724476150302192	0.0006008771714741213	0.0018386809003155496
TCGA-A7-A56D	2	0.08464921632507821	0.029061187809727156	2.782851737110709	0.10127551129368394	0.0021623474608016466
TCGA-AR-A5QM	2	0.0015704871333570482	0.0023144535550388115	2.935459693754266	0.03534851724968509	0.025306848307652847
TCGA-E9-A5FK	2	0.010209402017844364	0.005827822564614505	2.8233668604885858	0.10881470654407896	0.0517812083848759
TCGA-BH-A5J0	2	0.07192916972846267	0.024306114403984645	2.6908586215484704	0.2100807581051882	0.0028253362138939164
TCGA-E9-A5FL	0	2.763246396858403	0.021160816956183	0.1338082779527988	0.0266255657436798	0.055158942488934895
TCGA-LL-A5YM	3	0.048579989608216544	0.01688308054374287	0.13634645152162067	2.7959532031714343	0.0022372751549855157
TCGA-LL-A5YN	2	0.02002724204110441	0.061081931234585204	2.4842466947728616	0.4127201352510574	0.021923996700391073
TCGA-OL-A5D6	4	0.02559340122174045	0.0469872198425611	0.6840006235308796	0.047966216243556514	2.195452539161262
TCGA-OK-A5Q2	2	0.0042135854044746315	0.007969226950014901	2.9077066720547573	0.04894843055857684	0.031162085032176053
TCGA-OL-A5D7	0	2.963899062388896	0.007808551889221096	0.0020993328391026625	0.018637793042388686	0.007555259840391597
TCGA-OL-A5D8	2	0.055305517189867336	0.002644309894447269	2.892760550758923	0.048217394490123404	0.0010722276666388704
TCGA-OL-A5DA	2	0.007471670211526984	0.002827311945284313	2.88235836069269	0.09071189861633483	0.016630758534164368
TCGA-OL-A5RU	2	0.03481159999599644	0.009526030784684876	2.7938655304135183	0.03420657570332095	0.12759026310247912
TCGA-PE-A5DC	2	0.046277780405991155	0.002515039946860113	2.69859352450338	0.24416231699866559	0.008451338145103045
TCGA-OL-A5RW	0	2.733270650693382	0.003192635924038028	5.41477566131118e-07	0.26352755631509567	8.615589917898005e-06
TCGA-PE-A5DD	2	0.02204825148480183	0.00307326632240417	2.821082642781472	0.12629353834039164	0.027502301070930414
TCGA-PE-A5DE	2	0.041560494712776265	0.0027343829518398106	2.8689852501532163	0.04473372339671218	0.041986148785455375
TCGA-HN-A2OB	2	0.01135468671236068	0.0073702012453825	2.8146313325644514	0.0712955075326264	0.0953482719451788
TCGA-A7-A5ZW	2	0.018746878535736127	0.006055438531995599	2.84493982658373	0.05140059983571354	0.07885725651282455
TCGA-A7-A5ZX	2	0.02038091030372681	0.007662259132875768	2.842189461070012	0.038133116464639835	0.0916342530287452
TCGA-AC-A5XS	2	0.01168130367046299	0.006893419344670587	2.9080740512928296	0.04199745615510496	0.03135376953693174
TCGA-AC-A62Y	2	0.571939840203627	0.030323521585427497	2.2985984038203986	0.048853813215897296	0.0502844211746494
TCGA-E2-A56Z	3	0.000788063082118117	0.004155487450797406	0.7844715860328975	2.17607027704249	0.034514586391696654
TCGA-E2-A574	0	2.819149403508427	0.11243284222300726	0.0007598532230130946	0.056644386657554655	0.011013514387997489
TCGA-LL-A5YL	2	0.0014764776779325813	0.007509252065889813	2.8797164242122237	0.09986204790208457	0.011435798141869121
TCGA-OL-A66H	2	0.03589182437585032	0.009782312282366867	2.792678224723287	0.033361695508623425	0.12828594310987185
TCGA-AC-A62V	3	0.02529962877129848	0.001396359803452537	0.6011337963787244	2.363420581464955	0.008749633581569409
TCGA-E2-A576	2	0.000673581145801115	0.0036006646970023156	2.3916363529757683	0.6012117443018189	0.002877656879608862
TCGA-E9-A6HE	2	0.004916236843556137	0.00541665744993052	2.9083303859149363	0.05797194527815391	0.023364774513422497
TCGA-LD-A66U	2	0.0003135329955096266	0.0059648529160829305	2.85513238839041	0.10350273741660238	0.03508648828139487
TCGA-LL-A6FR	0	2.8762456588112535	0.01396459869079949	0.025330348771907048	0.0651279974818292	0.019331396244210614
TCGA-OL-A66L	2	0.004517328187445144	0.005057829856298706	2.9233636648463515	0.04413615620653725	0.02292502090336722
TCGA-EW-A1IZ	2	0.02318189314668171	0.0105716189992213	2.833549497849872	0.049363222027467506	0.0833337679767567
TCGA-E9-A1RG	3	2.32432016384047e-05	0.0028415421965862597	0.3995474014956361	2.596854767453334	0.0007330456528049644
TCGA-EW-A6SA	3	0.02194517787391948	0.0017139776996902528	0.2570058248881945	2.717751597850718	0.001583421687477791
TCGA-EW-A6SB	0	2.531431866669391	0.015136834562288459	0.3595199402136411	0.007730878293472204	0.08618048026120728
TCGA-LL-A73Z	4	0.1611562236311529	0.0016915007363847976	0.46836725410606705	0.020125447347822047	2.3486595741785727
TCGA-LL-A740	2	0.03746917785620377	0.0195685034250551	2.770439303529796	0.09758198844604683	0.074941026742898
TCGA-BH-A6R9	4	0.041228425414053804	0.00618457997052986	0.817018771786777	0.06258097261767584	2.0729872502109634
TCGA-D8-A73X	2	0.003680951394516826	0.002979491021104463	2.9445075945335653	0.03633416550902004	0.012497797541793103
TCGA-S3-A6ZF	3	0.0021561440142938556	0.010087623680128305	0.19149145190279596	2.788459601026427	0.007805179376354603
TCGA-S3-A6ZG	2	0.0002004774063603906	0.004921010349783621	2.734412994204491	0.25542215254527606	0.005043365494088758
TCGA-S3-A6ZH	2	0.015334483812028463	0.019046383804223615	2.7446388906697177	0.1748260974426277	0.04615414427140233
TCGA-A7-A6VV	0	2.9342702761717856	0.027254857423703507	0.005016916631090935	0.014633201432028935	0.01882474834139085
TCGA-A7-A6VW	0	2.9421382480758047	0.0035143226760163673	0.035022391511733454	0.003774471653433228	0.015550566083011816
TCGA-BH-A6R8	2	0.003894450896850502	0.0015508717783873063	2.914259944516512	0.0723559572741824	0.007938775534067239
TCGA-AC-A6NO	2	0.003886413387781816	0.0035589759671462704	2.9197166849733867	0.056073927377657616	0.01676399829402812
TCGA-EW-A6S9	2	0.00815152556099451	0.12931362279381237	2.659990737933254	0.18514020210211327	0.017403911609825715
TCGA-D8-A73U	2	0.02404090151067592	0.007758228641049438	2.8083340168909348	0.11217415307610079	0.04769269988123874
TCGA-EW-A6SD	1	0.0740119695801522	2.7096351175394884	0.046574961298601	0.1634081643741061	0.006369787207652119
TCGA-A7-A6VY	0	2.788468554884335	0.04107343535014382	0.0784036843863227	0.06581668999923534	0.02623763537996334
TCGA-OL-A6VR	2	0.022585175023360257	0.001506622888152684	2.6368069101259435	0.3322996607619093	0.006801631200634319
TCGA-AC-A6IW	0	2.8578068843920317	0.019090826050437427	0.05020230530691428	0.05486388888553748	0.01803609536507892
TCGA-LL-A73Y	0	2.7691619822151528	0.0019672455745187883	0.20108219725664195	0.009432990802290462	0.018355584151395682
TCGA-OL-A6VO	0	2.9801828236128802	0.011900797140897689	0.00222735396084724	0.0021452625866524473	0.003543762698722046
TCGA-V7-A7HQ	2	0.01586198977238685	0.0016160424205502117	2.756567380781518	0.21075622184699744	0.015198365178547356
TCGA-A2-A4S1	0	2.7614103866776665	0.004221635470928895	0.1874105894657166	0.0214633038536712	0.02549408453201637
TCGA-BH-A8G0	2	0.020276293714225038	0.00769704345009915	2.8259436273663825	0.041367708229803915	0.10471532723948912
TCGA-LD-A7W5	2	0.20089123787399213	0.0072226025113513925	2.599179420518033	0.12573490759493983	0.06697183150168305
TCGA-LL-A7SZ	2	0.0276224176166832	0.0225325688331666	2.4685178199778206	0.4770202672594334	0.004306926312895573
TCGA-LD-A7W6	2	0.011701372401187274	0.0059290966489768445	2.8470417471586096	0.07840503713878005	0.05692274665244569
TCGA-LL-A7T0	3	0.009367446303092584	0.00667133643041563	0.1149918716171635	2.859970170573253	0.008999175076075108
TCGA-AC-A7VC	0	2.5798699938592295	0.0051866427970162	0.33785509763480187	0.05408624535462635	0.023002020354325983
TCGA-AC-A7VB	3	0.016486748312076978	0.0022258981782849125	0.1026898698398577	2.8770085397336675	0.0015889439361127216
TCGA-AQ-A7U7	2	0.033394709420565494	0.002386646207348959	2.8452857306203203	0.022081852887857686	0.09685106086390731
TCGA-BH-A8FZ	4	0.0076485609384661256	0.010993948514509334	0.6046484863464925	0.03267193464478773	2.3440370695557444
TCGA-BH-A8FY	2	0.0004398852532551627	0.00014682506445978625	2.969230749953401	0.0285759532246434	0.00160658650424061
TCGA-C8-A8HP	1	0.020538159828308145	2.7636044748774227	0.1384594055914912	0.0451175263711053	0.0322804333316722
TCGA-C8-A8HQ	3	0.021788850864354167	0.0074101219284772885	0.7033451574824381	2.225563944745957	0.04189192497877307
TCGA-LL-A8F5	0	2.9457648577731645	0.008784212976134406	0.0006620856712561471	0.03925994314157704	0.005528900437867815
TCGA-XX-A899	2	0.004866712361953055	0.006643529117800762	2.9090155520253513	0.05522467462420524	0.0242495318706891
TCGA-W8-A86G	2	0.003495085738149619	0.002868578709856487	2.936366195634813	0.04021835277457314	0.017051787142607435
TCGA-PL-A8LZ	0	2.87690895502807	0.027702381301286362	0.023242497054037456	0.011918308156826596	0.06022785845977927
TCGA-3C-AAAU	2	0.23789763746978682	0.0045740614113993815	2.4750362356209576	0.24178610161014702	0.04070596388770907
TCGA-AC-A4ZE	2	0.004527672973265977	0.004822344255587811	2.832527402079047	0.1517154502123854	0.006407130479713489
TCGA-S3-AA10	0	2.943357035615561	0.00600260109994434	0.03534612670246571	0.015098138222620018	0.00019609835940852984
TCGA-LD-A9QF	4	0.017183273533566135	0.1382046499476794	0.4445185586546353	0.04253632329536395	2.3575571945687552
TCGA-WT-AB41	2	0.14629715443676353	0.08559466640494219	2.5665445135677993	0.1441160753823017	0.057447590208192616
TCGA-3C-AALI	1	0.012744690790080835	2.718218528546484	0.0015744698634338	0.2659731314073414	0.0014891793926590684
TCGA-S3-AA11	2	0.035261708471932864	0.010553474738180529	2.8230791228681555	0.012880019902910003	0.11822567401882104
TCGA-LL-A9Q3	2	0.021878312533399356	0.0037483860332238705	2.8126931201392504	0.13459648008490363	0.02708370120922262
TCGA-WT-AB44	2	0.0004940590215769172	0.006661435789334244	2.8577417896535957	0.12225690962762839	0.01284580590786425
TCGA-3C-AALJ	3	0.03819381720720192	0.1544357472271765	0.11038111870157351	2.693739820557175	0.003249496306873045
TCGA-AC-A8OR	2	0.03151152916172439	0.008553848805743657	2.8456119226099608	0.044333559381412195	0.0699891400411587
TCGA-OL-A6VQ	2	0.0056013885108616625	0.005595627812196158	2.9202881644673777	0.04119012825349157	0.02732469095607252
TCGA-Z7-A8R5	2	0.0009550938201825234	0.004194723067210951	2.8602160287755605	0.042481690791677885	0.0921524635453676
TCGA-S3-AA14	2	0.002446911968859999	0.06772327294091592	2.7061085889519703	0.19918027829156515	0.024540947846689042
TCGA-AC-A8OS	2	0.008557755433938916	0.00497063563957121	2.9258380945580837	0.04420829960777245	0.016425214760633786
TCGA-3C-AALK	2	0.0008466828509875355	0.038521704917943315	2.7546115023953357	0.15452962288021516	0.051490486955517965
TCGA-4H-AAAK	2	0.0022204267212131215	0.0012939619202280636	2.8938175185505326	0.09722158986450494	0.005446502943520981
TCGA-BH-AB28	2	0.006705726001274006	0.005682815657227238	2.910548554021683	0.0502358396925784	0.02682706462723675
TCGA-S3-AA15	0	2.151781189092289	0.009442504860397499	0.6640087535665934	0.054865820608341095	0.1199017318723788
TCGA-PL-A8LV	0	2.9302440727459325	0.034794227472777293	0.0076897742468739335	0.02527320677566079	0.0019987187587549994
TCGA-5L-AAT0	2	0.005705602284700636	0.004477631726154715	2.8979051215340434	0.06414502373087037	0.027766620724230535
TCGA-PL-A8LY	4	0.07647392350712329	0.0147972188617209	0.3724703335700166	0.013521254366887286	2.5227372696942516
TCGA-5T-A9QA	3	0.0321523539712122	0.003201224865856895	0.040692844367481704	2.819350968344936	0.10460260845051345
TCGA-5L-AAT1	2	0.009759644297501504	0.026584388221494563	2.820225894116753	0.03214807785813136	0.11128199550611934
TCGA-E2-A9RU	3	0.0729698970285682	0.0007899530084750668	0.013676044439490123	2.91166109187811	0.0009030136453564198
TCGA-UU-A93S	1	0.0768077103168327	2.892858591922308	0.0014468491929813844	0.0162875199946322	0.01259932857324561
TCGA-E9-A54Y	3	7.827427244558323e-05	0.00016494774359060405	0.16280322180426482	2.836798531420966	0.0001550247587329755
