label	sample_id	num_0_0	num_1_0	num_2_0	num_3_0	num_4_0
2	TCGA-A1-A0SE	0.0	0.0	0.9	0.1	0.0
2	TCGA-A2-A0SU	0.0	0.0	1.0	0.0	0.0
0	TCGA-A2-A0T2	1.0	0.0	0.0	0.0	0.0
3	TCGA-AR-A0TV	0.1	0.0	0.1	0.8	0.0
2	TCGA-B6-A0RM	0.0	0.0	1.0	0.0	0.0
2	TCGA-B6-A0RN	0.0	0.0	1.0	0.0	0.0
2	TCGA-BH-A0DH	0.0	0.0	1.0	0.0	0.0
2	TCGA-BH-A0DQ	0.0	0.1	0.7	0.2	0.0
2	TCGA-AO-A0JJ	0.0	0.0	1.0	0.0	0.0
0	TCGA-AO-A0JL	0.9	0.0	0.0	0.1	0.0
3	TCGA-AO-A0JM	0.0	0.0	0.1	0.9	0.0
0	TCGA-B6-A0RE	0.7	0.1	0.1	0.1	0.0
2	TCGA-B6-A0RI	0.0	0.0	0.9	0.0	0.1
1	TCGA-BH-A0AW	0.0	0.8	0.1	0.1	0.0
0	TCGA-BH-A0B3	0.9	0.0	0.0	0.1	0.0
2	TCGA-BH-A0BA	0.1	0.0	0.7	0.2	0.0
2	TCGA-A2-A0CT	0.0	0.0	0.8	0.2	0.0
2	TCGA-A2-A0EU	0.0	0.0	0.9	0.1	0.0
2	TCGA-A8-A08O	0.0	0.0	1.0	0.0	0.0
2	TCGA-AO-A03L	0.0	0.0	1.0	0.0	0.0
2	TCGA-AO-A0JA	0.0	0.0	0.8	0.1	0.1
2	TCGA-AO-A0JC	0.0	0.0	1.0	0.0	0.0
2	TCGA-AO-A0JF	0.0	0.0	1.0	0.0	0.0
2	TCGA-AO-A0JI	0.0	0.0	0.9	0.1	0.0
2	TCGA-BH-A0BM	0.0	0.0	1.0	0.0	0.0
2	TCGA-BH-A0DK	0.0	0.1	0.9	0.0	0.0
2	TCGA-BH-A0DP	0.0	0.0	0.9	0.1	0.0
2	TCGA-BH-A0DS	0.0	0.0	0.7	0.3	0.0
2	TCGA-BH-A0E2	0.0	0.0	0.8	0.2	0.0
2	TCGA-BH-A0GY	0.1	0.1	0.7	0.1	0.0
3	TCGA-BH-A0H0	0.0	0.0	0.2	0.8	0.0
2	TCGA-BH-A0H6	0.0	0.0	0.8	0.1	0.1
2	TCGA-BH-A0H9	0.0	0.0	0.9	0.1	0.0
2	TCGA-BH-A0HB	0.0	0.0	0.9	0.1	0.0
2	TCGA-BH-A0HF	0.0	0.0	0.9	0.1	0.0
0	TCGA-A1-A0SO	1.0	0.0	0.0	0.0	0.0
0	TCGA-A1-A0SP	0.9	0.0	0.0	0.1	0.0
0	TCGA-A2-A0T0	0.8	0.1	0.0	0.0	0.1
1	TCGA-A2-A0T1	0.1	0.8	0.0	0.1	0.0
2	TCGA-AO-A0JG	0.0	0.0	1.0	0.0	0.0
2	TCGA-AR-A0TR	0.0	0.0	0.9	0.1	0.0
3	TCGA-B6-A0RL	0.0	0.0	0.6	0.4	0.0
0	TCGA-B6-A0RU	0.9	0.0	0.0	0.1	0.0
2	TCGA-B6-A0RV	0.0	0.0	1.0	0.0	0.0
2	TCGA-BH-A0BC	0.0	0.0	0.9	0.1	0.0
0	TCGA-A1-A0SK	1.0	0.0	0.0	0.0	0.0
2	TCGA-A1-A0SM	0.0	0.0	0.9	0.1	0.0
0	TCGA-A2-A0SX	1.0	0.0	0.0	0.0	0.0
2	TCGA-A2-A0SY	0.0	0.0	0.9	0.1	0.0
2	TCGA-A1-A0SJ	0.0	0.0	1.0	0.0	0.0
2	TCGA-A2-A0EN	0.0	0.0	0.9	0.1	0.0
3	TCGA-A2-A0SV	0.0	0.0	0.1	0.9	0.0
3	TCGA-A2-A0SW	0.1	0.0	0.4	0.5	0.0
2	TCGA-A2-A0T5	0.0	0.0	1.0	0.0	0.0
1	TCGA-AR-A0TX	0.0	0.9	0.0	0.1	0.0
2	TCGA-B6-A0RO	0.0	0.0	1.0	0.0	0.0
2	TCGA-B6-A0RP	0.2	0.0	0.7	0.1	0.0
2	TCGA-BH-A0HI	0.0	0.0	0.7	0.3	0.0
2	TCGA-BH-A0HK	0.0	0.0	0.9	0.0	0.1
2	TCGA-BH-A0HX	0.1	0.0	0.7	0.2	0.0
3	TCGA-BH-A0HY	0.1	0.3	0.0	0.6	0.0
2	TCGA-A2-A0T7	0.0	0.0	1.0	0.0	0.0
0	TCGA-AR-A0TP	0.9	0.0	0.0	0.1	0.0
2	TCGA-AR-A0TZ	0.0	0.0	0.7	0.3	0.0
1	TCGA-B6-A0RS	0.2	0.7	0.1	0.0	0.0
0	TCGA-B6-A0RT	0.8	0.0	0.1	0.0	0.1
2	TCGA-BH-A0HP	0.0	0.0	1.0	0.0	0.0
2	TCGA-BH-A0W4	0.0	0.0	1.0	0.0	0.0
0	TCGA-AR-A0U4	0.9	0.0	0.0	0.1	0.0
0	TCGA-B6-A0WX	0.5	0.2	0.2	0.1	0.0
2	TCGA-B6-A0WY	0.2	0.0	0.8	0.0	0.0
2	TCGA-A2-A0YF	0.0	0.0	1.0	0.0	0.0
3	TCGA-A2-A0YT	0.1	0.0	0.2	0.7	0.0
2	TCGA-AN-A0XS	0.0	0.0	1.0	0.0	0.0
2	TCGA-B6-A0WZ	0.0	0.1	0.9	0.0	0.0
2	TCGA-AO-A12C	0.0	0.0	1.0	0.0	0.0
2	TCGA-AO-A12E	0.0	0.0	1.0	0.0	0.0
2	TCGA-AO-A12G	0.0	0.0	1.0	0.0	0.0
2	TCGA-B6-A0X7	0.0	0.0	1.0	0.0	0.0
2	TCGA-A2-A0YC	0.0	0.0	1.0	0.0	0.0
2	TCGA-A2-A0YL	0.0	0.0	0.9	0.0	0.1
2	TCGA-AN-A0XO	0.0	0.0	0.9	0.1	0.0
2	TCGA-AN-A0XP	0.0	0.0	1.0	0.0	0.0
3	TCGA-AN-A0XR	0.0	0.0	0.5	0.5	0.0
2	TCGA-A2-A0YI	0.0	0.0	0.7	0.0	0.3
0	TCGA-AO-A124	0.8	0.0	0.0	0.1	0.1
2	TCGA-AO-A125	0.0	0.0	0.9	0.1	0.0
2	TCGA-AO-A126	0.0	0.0	1.0	0.0	0.0
0	TCGA-AO-A128	0.9	0.0	0.0	0.0	0.1
2	TCGA-E2-A105	0.0	0.0	1.0	0.0	0.0
4	TCGA-E2-A108	0.1	0.2	0.1	0.0	0.6
3	TCGA-E2-A109	0.1	0.0	0.2	0.6	0.1
2	TCGA-E2-A10E	0.0	0.0	1.0	0.0	0.0
2	TCGA-E2-A10F	0.0	0.0	1.0	0.0	0.0
2	TCGA-AN-A0XL	0.0	0.0	1.0	0.0	0.0
2	TCGA-AO-A12B	0.0	0.0	1.0	0.0	0.0
3	TCGA-E2-A10C	0.0	0.0	0.2	0.8	0.0
3	TCGA-BH-A0W3	0.0	0.0	0.1	0.8	0.1
0	TCGA-A7-A13D	0.9	0.0	0.0	0.1	0.0
0	TCGA-A7-A13E	0.9	0.0	0.0	0.1	0.0
0	TCGA-AR-A1AQ	1.0	0.0	0.0	0.0	0.0
2	TCGA-AR-A1AX	0.0	0.0	1.0	0.0	0.0
0	TCGA-AR-A1AY	0.9	0.0	0.1	0.0	0.0
3	TCGA-BH-A0C3	0.0	0.0	0.5	0.5	0.0
3	TCGA-BH-A0DD	0.0	0.1	0.2	0.7	0.0
2	TCGA-E2-A15J	0.0	0.0	1.0	0.0	0.0
3	TCGA-E2-A15K	0.0	0.0	0.0	0.9	0.1
0	TCGA-E2-A1AZ	0.9	0.0	0.0	0.0	0.1
2	TCGA-E2-A1BC	0.0	0.0	1.0	0.0	0.0
0	TCGA-AR-A1AI	0.9	0.0	0.0	0.1	0.0
2	TCGA-AR-A1AS	0.0	0.0	0.9	0.1	0.0
2	TCGA-AR-A1AK	0.0	0.0	1.0	0.0	0.0
0	TCGA-AR-A1AJ	0.9	0.1	0.0	0.0	0.0
2	TCGA-BH-A0AZ	0.0	0.0	0.7	0.3	0.0
2	TCGA-BH-A0B5	0.0	0.0	0.9	0.1	0.0
3	TCGA-BH-A0BF	0.1	0.0	0.0	0.9	0.0
2	TCGA-BH-A0DG	0.0	0.0	1.0	0.0	0.0
2	TCGA-BH-A0DI	0.0	0.0	1.0	0.0	0.0
2	TCGA-AR-A1AL	0.0	0.0	0.9	0.0	0.1
2	TCGA-AR-A1AV	0.0	0.0	1.0	0.0	0.0
2	TCGA-BH-A0DV	0.0	0.0	1.0	0.0	0.0
2	TCGA-E2-A1B4	0.0	0.0	0.9	0.0	0.1
0	TCGA-AR-A1AR	0.9	0.0	0.1	0.0	0.0
2	TCGA-BH-A1EO	0.0	0.0	0.9	0.1	0.0
2	TCGA-BH-A1ET	0.0	0.0	0.9	0.0	0.1
1	TCGA-BH-A1EV	0.0	0.8	0.0	0.2	0.0
2	TCGA-BH-A1EW	0.0	0.0	0.9	0.1	0.0
0	TCGA-E2-A14N	1.0	0.0	0.0	0.0	0.0
2	TCGA-E2-A15I	0.0	0.0	1.0	0.0	0.0
2	TCGA-A2-A1FV	0.0	0.0	1.0	0.0	0.0
3	TCGA-A2-A1FW	0.1	0.0	0.3	0.6	0.0
0	TCGA-A2-A1G1	0.7	0.3	0.0	0.0	0.0
2	TCGA-E2-A1IN	0.0	0.0	0.8	0.2	0.0
2	TCGA-E2-A1L8	0.0	0.0	0.8	0.2	0.0
2	TCGA-EW-A1J2	0.0	0.0	1.0	0.0	0.0
3	TCGA-A2-A1G4	0.0	0.0	0.2	0.7	0.1
4	TCGA-AO-A1KO	0.0	0.0	0.3	0.0	0.7
3	TCGA-AO-A1KP	0.0	0.0	0.5	0.5	0.0
3	TCGA-AO-A1KT	0.0	0.0	0.0	1.0	0.0
2	TCGA-BH-A1EX	0.0	0.0	1.0	0.0	0.0
3	TCGA-BH-A1FD	0.1	0.0	0.1	0.8	0.0
2	TCGA-C8-A1HE	0.0	0.0	1.0	0.0	0.0
3	TCGA-D8-A1JD	0.0	0.0	0.2	0.8	0.0
0	TCGA-D8-A1JL	1.0	0.0	0.0	0.0	0.0
2	TCGA-E2-A1IE	0.0	0.0	1.0	0.0	0.0
3	TCGA-AR-A1AW	0.0	0.1	0.0	0.9	0.0
2	TCGA-BH-A0BT	0.0	0.1	0.6	0.3	0.0
2	TCGA-BH-A0H3	0.0	0.0	1.0	0.0	0.0
2	TCGA-BH-A0HA	0.0	0.0	0.9	0.1	0.0
2	TCGA-A1-A0SQ	0.0	0.0	1.0	0.0	0.0
2	TCGA-E2-A1IF	0.0	0.0	1.0	0.0	0.0
2	TCGA-E2-A1IO	0.1	0.0	0.6	0.3	0.0
2	TCGA-E2-A1LA	0.1	0.0	0.7	0.2	0.0
1	TCGA-E2-A1LB	0.0	0.8	0.0	0.2	0.0
0	TCGA-E9-A1N8	1.0	0.0	0.0	0.0	0.0
3	TCGA-EW-A1OZ	0.0	0.0	0.1	0.9	0.0
0	TCGA-EW-A1P4	1.0	0.0	0.0	0.0	0.0
2	TCGA-EW-A1P5	0.1	0.0	0.9	0.0	0.0
0	TCGA-BH-A1F0	0.9	0.0	0.0	0.1	0.0
1	TCGA-C8-A1HF	0.0	1.0	0.0	0.0	0.0
3	TCGA-C8-A1HG	0.0	0.0	0.0	1.0	0.0
2	TCGA-C8-A1HI	0.0	0.0	1.0	0.0	0.0
3	TCGA-C8-A1HL	0.0	0.0	0.1	0.9	0.0
3	TCGA-C8-A1HM	0.2	0.0	0.0	0.8	0.0
3	TCGA-C8-A1HN	0.0	0.1	0.2	0.6	0.1
2	TCGA-BH-A0H7	0.0	0.0	0.8	0.2	0.0
2	TCGA-D8-A1JS	0.0	0.0	0.8	0.1	0.1
2	TCGA-E2-A1IH	0.0	0.0	0.9	0.1	0.0
2	TCGA-E2-A1L9	0.0	0.1	0.6	0.3	0.0
2	TCGA-EW-A1J3	0.0	0.0	0.7	0.3	0.0
2	TCGA-EW-A1J5	0.0	0.0	0.7	0.2	0.1
0	TCGA-BH-A1F6	1.0	0.0	0.0	0.0	0.0
2	TCGA-D8-A1JU	0.0	0.0	0.9	0.1	0.0
2	TCGA-EW-A1IW	0.0	0.1	0.8	0.1	0.0
3	TCGA-EW-A1J6	0.0	0.0	0.4	0.6	0.0
2	TCGA-A1-A0SG	0.0	0.0	1.0	0.0	0.0
3	TCGA-A1-A0SI	0.0	0.0	0.3	0.6	0.1
3	TCGA-A1-A0SN	0.1	0.0	0.0	0.9	0.0
0	TCGA-AO-A1KR	1.0	0.0	0.0	0.0	0.0
0	TCGA-E2-A1II	1.0	0.0	0.0	0.0	0.0
2	TCGA-E2-A1IK	0.0	0.0	1.0	0.0	0.0
0	TCGA-E2-A1LL	0.7	0.0	0.2	0.0	0.1
2	TCGA-A2-A1G0	0.0	0.0	1.0	0.0	0.0
1	TCGA-BH-A1EN	0.0	0.7	0.0	0.3	0.0
0	TCGA-BH-A1FC	1.0	0.0	0.0	0.0	0.0
3	TCGA-D8-A1X5	0.0	0.0	0.1	0.7	0.2
2	TCGA-D8-A1XA	0.1	0.0	0.8	0.1	0.0
2	TCGA-D8-A1XB	0.1	0.0	0.8	0.1	0.0
2	TCGA-D8-A1XC	0.0	0.0	1.0	0.0	0.0
2	TCGA-D8-A1XD	0.0	0.1	0.8	0.1	0.0
3	TCGA-D8-A1XF	0.3	0.0	0.0	0.7	0.0
2	TCGA-D8-A1XG	0.0	0.0	0.7	0.2	0.1
0	TCGA-C8-A1HJ	1.0	0.0	0.0	0.0	0.0
3	TCGA-D8-A1JE	0.0	0.0	0.3	0.7	0.0
1	TCGA-D8-A1JF	0.2	0.6	0.0	0.2	0.0
0	TCGA-D8-A1JM	0.7	0.1	0.0	0.2	0.0
2	TCGA-E2-A1IL	0.0	0.0	1.0	0.0	0.0
0	TCGA-E2-A1LK	0.8	0.0	0.2	0.0	0.0
2	TCGA-E9-A1N5	0.0	0.0	1.0	0.0	0.0
1	TCGA-EW-A1OV	0.5	0.5	0.0	0.0	0.0
0	TCGA-EW-A1OW	0.6	0.1	0.2	0.1	0.0
3	TCGA-EW-A1OX	0.0	0.0	0.1	0.9	0.0
3	TCGA-EW-A1P0	0.0	0.0	0.1	0.9	0.0
2	TCGA-BH-A1FR	0.0	0.0	1.0	0.0	0.0
2	TCGA-D8-A1JP	0.1	0.1	0.5	0.2	0.1
3	TCGA-AO-A1KQ	0.0	0.0	0.2	0.8	0.0
2	TCGA-BH-A1FG	0.1	0.0	0.9	0.0	0.0
3	TCGA-A2-A0YG	0.0	0.1	0.4	0.5	0.0
3	TCGA-A2-A0YH	0.0	0.0	0.1	0.8	0.1
3	TCGA-BH-A1FN	0.1	0.0	0.1	0.8	0.0
0	TCGA-B6-A1KF	0.8	0.1	0.0	0.1	0.0
1	TCGA-C8-A1HK	0.1	0.7	0.0	0.2	0.0
2	TCGA-D8-A1JB	0.2	0.1	0.4	0.3	0.0
3	TCGA-D8-A1JI	0.0	0.0	0.1	0.9	0.0
0	TCGA-D8-A1JK	1.0	0.0	0.0	0.0	0.0
2	TCGA-D8-A1JN	0.0	0.0	0.9	0.1	0.0
4	TCGA-EW-A1P7	0.1	0.0	0.0	0.2	0.7
0	TCGA-EW-A1PB	0.9	0.1	0.0	0.0	0.0
2	TCGA-EW-A1PD	0.0	0.0	1.0	0.0	0.0
2	TCGA-EW-A1PE	0.0	0.0	0.9	0.1	0.0
2	TCGA-EW-A1PF	0.0	0.0	0.9	0.0	0.1
4	TCGA-A1-A0SB	0.0	0.0	0.3	0.0	0.7
2	TCGA-A1-A0SF	0.0	0.0	0.5	0.3	0.2
2	TCGA-E9-A1R6	0.0	0.0	1.0	0.0	0.0
2	TCGA-E9-A1RA	0.0	0.0	1.0	0.0	0.0
4	TCGA-EW-A1P1	0.0	0.0	0.2	0.2	0.6
3	TCGA-D8-A1J8	0.1	0.0	0.2	0.7	0.0
3	TCGA-D8-A1J9	0.0	0.2	0.0	0.8	0.0
1	TCGA-D8-A1JA	0.1	0.8	0.1	0.0	0.0
3	TCGA-D8-A1JC	0.0	0.0	0.0	1.0	0.0
3	TCGA-D8-A1JT	0.0	0.0	0.5	0.5	0.0
2	TCGA-E2-A1L6	0.0	0.0	0.8	0.1	0.1
3	TCGA-EW-A1IY	0.0	0.0	0.1	0.9	0.0
2	TCGA-EW-A1J1	0.0	0.0	0.9	0.0	0.1
3	TCGA-A2-A1FX	0.0	0.0	0.5	0.4	0.1
3	TCGA-AO-A1KS	0.0	0.0	0.4	0.6	0.0
3	TCGA-B6-A1KN	0.1	0.1	0.0	0.8	0.0
2	TCGA-BH-A1F5	0.0	0.0	1.0	0.0	0.0
2	TCGA-AC-A23E	0.0	0.0	0.8	0.2	0.0
2	TCGA-BH-A0W5	0.0	0.0	1.0	0.0	0.0
0	TCGA-BH-A0WA	1.0	0.0	0.0	0.0	0.0
2	TCGA-E9-A22B	0.0	0.0	0.8	0.2	0.0
3	TCGA-E9-A22E	0.4	0.1	0.0	0.5	0.0
3	TCGA-E9-A22H	0.0	0.0	0.4	0.6	0.0
1	TCGA-AR-A254	0.0	0.5	0.3	0.2	0.0
1	TCGA-C8-A278	0.0	0.8	0.0	0.2	0.0
2	TCGA-E9-A1QZ	0.0	0.0	1.0	0.0	0.0
2	TCGA-B6-A1KI	0.0	0.0	1.0	0.0	0.0
2	TCGA-D8-A1XM	0.0	0.0	1.0	0.0	0.0
2	TCGA-D8-A1XU	0.0	0.0	0.8	0.2	0.0
2	TCGA-D8-A1Y0	0.0	0.0	1.0	0.0	0.0
2	TCGA-E9-A1R3	0.0	0.0	1.0	0.0	0.0
0	TCGA-E9-A1N9	0.8	0.1	0.0	0.1	0.0
3	TCGA-E9-A1NF	0.0	0.0	0.0	0.9	0.1
2	TCGA-E9-A1NH	0.0	0.0	0.9	0.1	0.0
3	TCGA-E9-A1NI	0.0	0.0	0.5	0.5	0.0
3	TCGA-E9-A1R4	0.1	0.0	0.3	0.6	0.0
4	TCGA-A2-A0YK	0.0	0.0	0.3	0.0	0.7
0	TCGA-AN-A0XU	0.9	0.0	0.0	0.1	0.0
2	TCGA-AN-A0XV	0.0	0.0	0.8	0.0	0.2
2	TCGA-AN-A0XW	0.0	0.0	1.0	0.0	0.0
0	TCGA-AR-A0TU	0.9	0.0	0.0	0.1	0.0
0	TCGA-AR-A0U0	1.0	0.0	0.0	0.0	0.0
2	TCGA-E9-A1N3	0.0	0.0	0.8	0.0	0.2
2	TCGA-E9-A1RC	0.0	0.0	0.9	0.1	0.0
2	TCGA-E9-A1RD	0.0	0.0	1.0	0.0	0.0
3	TCGA-E9-A1RE	0.0	0.0	0.3	0.7	0.0
2	TCGA-E9-A1RF	0.0	0.1	0.7	0.0	0.2
3	TCGA-E9-A226	0.0	0.0	0.1	0.7	0.2
2	TCGA-E9-A227	0.0	0.0	1.0	0.0	0.0
3	TCGA-E9-A228	0.0	0.0	0.3	0.7	0.0
2	TCGA-E9-A229	0.0	0.0	0.9	0.1	0.0
3	TCGA-E9-A22A	0.0	0.0	0.2	0.7	0.1
2	TCGA-AR-A24X	0.0	0.0	1.0	0.0	0.0
3	TCGA-AR-A24Z	0.0	0.0	0.1	0.9	0.0
3	TCGA-AR-A250	0.2	0.0	0.2	0.5	0.1
0	TCGA-AR-A251	0.9	0.0	0.1	0.0	0.0
2	TCGA-AR-A255	0.0	0.0	0.7	0.3	0.0
0	TCGA-AR-A256	1.0	0.0	0.0	0.0	0.0
3	TCGA-AR-A0U2	0.1	0.0	0.0	0.9	0.0
2	TCGA-AR-A0U3	0.0	0.0	0.8	0.2	0.0
2	TCGA-B6-A0WT	0.0	0.0	1.0	0.0	0.0
3	TCGA-B6-A0WV	0.0	0.0	0.0	0.8	0.2
3	TCGA-B6-A0WW	0.0	0.0	0.2	0.8	0.0
2	TCGA-B6-A0X4	0.0	0.0	1.0	0.0	0.0
3	TCGA-B6-A0X5	0.0	0.0	0.6	0.4	0.0
3	TCGA-BH-A209	0.1	0.2	0.1	0.6	0.0
3	TCGA-D8-A1Y2	0.0	0.0	0.5	0.5	0.0
0	TCGA-E2-A1LI	0.9	0.0	0.0	0.1	0.0
3	TCGA-A2-A25B	0.1	0.1	0.0	0.8	0.0
3	TCGA-A2-A25C	0.0	0.0	0.5	0.5	0.0
3	TCGA-A2-A25E	0.0	0.1	0.3	0.6	0.0
0	TCGA-A2-A25F	0.5	0.0	0.3	0.2	0.0
2	TCGA-A7-A26E	0.0	0.0	0.8	0.2	0.0
0	TCGA-A7-A26G	0.4	0.1	0.3	0.2	0.0
2	TCGA-A7-A26H	0.0	0.0	0.9	0.1	0.0
2	TCGA-A7-A26J	0.0	0.0	0.9	0.1	0.0
3	TCGA-AR-A24H	0.0	0.0	0.2	0.8	0.0
3	TCGA-AR-A24K	0.2	0.1	0.1	0.6	0.0
2	TCGA-AR-A24L	0.0	0.0	0.7	0.1	0.2
2	TCGA-AR-A24M	0.0	0.0	0.9	0.0	0.1
0	TCGA-E9-A243	0.8	0.1	0.0	0.0	0.1
0	TCGA-E9-A244	0.7	0.1	0.1	0.1	0.0
2	TCGA-E9-A247	0.2	0.1	0.5	0.2	0.0
3	TCGA-E9-A249	0.0	0.0	0.2	0.8	0.0
2	TCGA-AQ-A0Y5	0.0	0.1	0.7	0.2	0.0
2	TCGA-GM-A2DN	0.0	0.0	1.0	0.0	0.0
2	TCGA-GM-A2DM	0.0	0.0	0.9	0.0	0.1
2	TCGA-AR-A24O	0.0	0.0	1.0	0.0	0.0
2	TCGA-AR-A24P	0.0	0.0	1.0	0.0	0.0
0	TCGA-AR-A24Q	0.9	0.0	0.0	0.1	0.0
3	TCGA-AR-A24R	0.0	0.0	0.3	0.7	0.0
3	TCGA-AR-A24S	0.1	0.1	0.0	0.8	0.0
1	TCGA-AR-A24U	0.2	0.6	0.0	0.1	0.1
2	TCGA-AR-A24V	0.0	0.0	1.0	0.0	0.0
3	TCGA-BH-A202	0.1	0.0	0.1	0.8	0.0
3	TCGA-D8-A1JJ	0.1	0.0	0.1	0.8	0.0
3	TCGA-D8-A1X6	0.0	0.0	0.3	0.7	0.0
3	TCGA-D8-A1X7	0.0	0.0	0.2	0.8	0.0
2	TCGA-D8-A1X8	0.0	0.0	1.0	0.0	0.0
1	TCGA-D8-A1XJ	0.1	0.7	0.0	0.2	0.0
2	TCGA-BH-A1FB	0.0	0.0	1.0	0.0	0.0
2	TCGA-BH-A1FH	0.1	0.0	0.9	0.0	0.0
3	TCGA-BH-A1FJ	0.0	0.1	0.3	0.6	0.0
3	TCGA-BH-A1FM	0.0	0.0	0.1	0.9	0.0
1	TCGA-BH-A203	0.2	0.6	0.0	0.0	0.2
3	TCGA-C8-A27A	0.2	0.1	0.0	0.7	0.0
1	TCGA-E9-A1RH	0.5	0.5	0.0	0.0	0.0
2	TCGA-E9-A1RI	0.0	0.0	0.8	0.2	0.0
3	TCGA-BH-A204	0.0	0.0	0.0	1.0	0.0
4	TCGA-BH-A208	0.0	0.0	0.4	0.1	0.5
2	TCGA-AC-A2B8	0.0	0.0	1.0	0.0	0.0
1	TCGA-C8-A26X	0.2	0.7	0.0	0.1	0.0
1	TCGA-C8-A26Y	0.1	0.6	0.2	0.1	0.0
2	TCGA-C8-A26Z	0.0	0.0	0.7	0.2	0.1
2	TCGA-C8-A273	0.0	0.0	0.7	0.3	0.0
3	TCGA-C8-A274	0.0	0.0	0.2	0.8	0.0
1	TCGA-C8-A275	0.0	0.7	0.3	0.0	0.0
2	TCGA-D8-A27E	0.0	0.0	0.9	0.0	0.1
0	TCGA-D8-A27F	1.0	0.0	0.0	0.0	0.0
2	TCGA-E9-A1R5	0.0	0.0	1.0	0.0	0.0
3	TCGA-E9-A1R7	0.0	0.0	0.0	1.0	0.0
0	TCGA-EW-A1PH	0.9	0.0	0.0	0.1	0.0
4	TCGA-AC-A2FK	0.0	0.0	0.3	0.0	0.7
2	TCGA-AC-A2FO	0.0	0.0	0.8	0.2	0.0
2	TCGA-AR-A2LE	0.0	0.0	1.0	0.0	0.0
2	TCGA-A2-A259	0.0	0.0	0.6	0.0	0.4
2	TCGA-A2-A25D	0.0	0.0	0.9	0.0	0.1
2	TCGA-BH-A28Q	0.0	0.0	0.9	0.1	0.0
3	TCGA-C8-A26V	0.0	0.0	0.2	0.8	0.0
3	TCGA-C8-A26W	0.1	0.0	0.2	0.7	0.0
2	TCGA-AC-A2FB	0.0	0.1	0.8	0.0	0.1
2	TCGA-AC-A2FF	0.0	0.0	0.9	0.1	0.0
2	TCGA-D8-A27V	0.0	0.0	0.8	0.2	0.0
2	TCGA-EW-A2FS	0.1	0.0	0.5	0.3	0.1
3	TCGA-EW-A2FW	0.0	0.0	0.3	0.7	0.0
2	TCGA-D8-A1XY	0.0	0.0	0.9	0.1	0.0
0	TCGA-E2-A1LG	0.7	0.0	0.2	0.1	0.0
2	TCGA-E9-A1N4	0.0	0.0	0.7	0.3	0.0
2	TCGA-E9-A1NE	0.1	0.0	0.7	0.2	0.0
2	TCGA-E9-A1NG	0.0	0.0	1.0	0.0	0.0
3	TCGA-AR-A2LK	0.0	0.0	0.4	0.6	0.0
3	TCGA-AR-A2LL	0.0	0.0	0.2	0.8	0.0
2	TCGA-AR-A2LM	0.0	0.0	1.0	0.0	0.0
3	TCGA-E9-A2JS	0.1	0.1	0.1	0.7	0.0
4	TCGA-GM-A2DD	0.2	0.1	0.0	0.1	0.6
0	TCGA-GM-A2DF	1.0	0.0	0.0	0.0	0.0
2	TCGA-GM-A2DK	0.0	0.0	0.9	0.1	0.0
2	TCGA-D8-A27G	0.0	0.0	0.9	0.1	0.0
2	TCGA-D8-A27I	0.0	0.0	0.9	0.1	0.0
2	TCGA-D8-A27K	0.0	0.0	1.0	0.0	0.0
2	TCGA-D8-A27L	0.0	0.0	1.0	0.0	0.0
0	TCGA-D8-A27M	1.0	0.0	0.0	0.0	0.0
2	TCGA-D8-A27P	0.0	0.0	0.9	0.0	0.1
3	TCGA-D8-A1XL	0.2	0.0	0.0	0.8	0.0
2	TCGA-D8-A1XO	0.0	0.0	0.9	0.1	0.0
3	TCGA-D8-A1XR	0.0	0.0	0.2	0.8	0.0
3	TCGA-D8-A1XS	0.0	0.0	0.4	0.6	0.0
2	TCGA-D8-A1XV	0.0	0.0	0.8	0.1	0.1
4	TCGA-D8-A1XW	0.1	0.1	0.0	0.0	0.8
2	TCGA-EW-A1P3	0.1	0.0	0.8	0.0	0.1
2	TCGA-EW-A1P6	0.0	0.1	0.8	0.1	0.0
0	TCGA-EW-A1P8	1.0	0.0	0.0	0.0	0.0
2	TCGA-EW-A1PA	0.1	0.1	0.8	0.0	0.0
4	TCGA-EW-A1PG	0.0	0.0	0.4	0.0	0.6
2	TCGA-A2-A1FZ	0.0	0.0	0.8	0.0	0.2
4	TCGA-BH-A1FU	0.0	0.0	0.1	0.2	0.7
3	TCGA-D8-A27R	0.3	0.0	0.1	0.6	0.0
2	TCGA-D8-A27T	0.0	0.0	1.0	0.0	0.0
3	TCGA-D8-A27W	0.0	0.0	0.2	0.8	0.0
2	TCGA-E9-A1R0	0.0	0.0	1.0	0.0	0.0
2	TCGA-E9-A245	0.0	0.0	1.0	0.0	0.0
2	TCGA-E9-A295	0.0	0.0	1.0	0.0	0.0
2	TCGA-GI-A2C8	0.0	0.0	0.7	0.3	0.0
4	TCGA-AR-A2LH	0.0	0.0	0.5	0.0	0.5
2	TCGA-AR-A2LN	0.0	0.0	1.0	0.0	0.0
2	TCGA-AR-A2LO	0.0	0.0	1.0	0.0	0.0
4	TCGA-AR-A2LQ	0.0	0.0	0.2	0.0	0.8
2	TCGA-BH-A2L8	0.0	0.0	1.0	0.0	0.0
2	TCGA-B6-A2IU	0.0	0.0	0.7	0.2	0.1
1	TCGA-GM-A2DB	0.2	0.7	0.0	0.1	0.0
2	TCGA-GM-A2DC	0.0	0.0	0.8	0.1	0.1
2	TCGA-A7-A3J0	0.1	0.2	0.7	0.0	0.0
2	TCGA-A7-A3IZ	0.0	0.0	0.9	0.1	0.0
2	TCGA-A7-A3J1	0.0	0.0	0.8	0.2	0.0
2	TCGA-AC-A3HN	0.0	0.0	1.0	0.0	0.0
3	TCGA-E9-A3HO	0.0	0.0	0.0	1.0	0.0
3	TCGA-A7-A2KD	0.1	0.0	0.1	0.8	0.0
2	TCGA-A7-A3IY	0.0	0.0	1.0	0.0	0.0
0	TCGA-AC-A2BK	1.0	0.0	0.0	0.0	0.0
2	TCGA-C8-A3M7	0.0	0.0	0.9	0.1	0.0
0	TCGA-B6-A0I1	0.8	0.0	0.1	0.1	0.0
2	TCGA-E9-A3Q9	0.0	0.0	1.0	0.0	0.0
1	TCGA-EW-A2FR	0.0	0.8	0.0	0.2	0.0
0	TCGA-GI-A2C9	1.0	0.0	0.0	0.0	0.0
2	TCGA-GM-A3NY	0.0	0.0	1.0	0.0	0.0
2	TCGA-GM-A2DL	0.0	0.0	0.9	0.0	0.1
3	TCGA-GM-A2DO	0.0	0.0	0.6	0.3	0.1
0	TCGA-HN-A2NL	0.9	0.0	0.1	0.0	0.0
4	TCGA-A2-A1G6	0.0	0.0	0.6	0.0	0.4
0	TCGA-E2-A1B6	0.5	0.0	0.2	0.3	0.0
2	TCGA-A7-A13H	0.0	0.0	0.8	0.1	0.1
2	TCGA-E2-A2P6	0.0	0.0	1.0	0.0	0.0
2	TCGA-A2-A0CO	0.0	0.0	1.0	0.0	0.0
2	TCGA-A7-A3RF	0.0	0.0	1.0	0.0	0.0
2	TCGA-E2-A14U	0.0	0.0	1.0	0.0	0.0
2	TCGA-E2-A2P5	0.1	0.1	0.7	0.1	0.0
2	TCGA-A2-A0EP	0.0	0.0	0.8	0.1	0.1
0	TCGA-A2-A3XS	0.9	0.0	0.0	0.0	0.1
0	TCGA-A2-A3XT	1.0	0.0	0.0	0.0	0.0
1	TCGA-A2-A3XV	0.0	0.5	0.5	0.0	0.0
0	TCGA-A2-A3XX	1.0	0.0	0.0	0.0	0.0
4	TCGA-A2-A3XW	0.0	0.0	0.0	0.0	1.0
0	TCGA-A2-A3XY	1.0	0.0	0.0	0.0	0.0
1	TCGA-A2-A3XZ	0.0	1.0	0.0	0.0	0.0
0	TCGA-A2-A3Y0	0.9	0.0	0.1	0.0	0.0
2	TCGA-AC-A3QP	0.0	0.0	1.0	0.0	0.0
2	TCGA-A7-A426	0.0	0.0	0.9	0.0	0.1
2	TCGA-AC-A3YJ	0.0	0.0	0.8	0.1	0.1
2	TCGA-B6-A401	0.0	0.0	0.9	0.1	0.0
0	TCGA-B6-A400	0.8	0.0	0.1	0.0	0.1
0	TCGA-B6-A402	0.9	0.0	0.0	0.1	0.0
2	TCGA-B6-A408	0.0	0.0	1.0	0.0	0.0
2	TCGA-B6-A40B	0.0	0.0	1.0	0.0	0.0
0	TCGA-B6-A409	1.0	0.0	0.0	0.0	0.0
2	TCGA-B6-A40C	0.0	0.0	1.0	0.0	0.0
3	TCGA-BH-A42T	0.0	0.0	0.1	0.9	0.0
2	TCGA-D8-A3Z5	0.0	0.0	1.0	0.0	0.0
2	TCGA-BH-A42V	0.0	0.0	1.0	0.0	0.0
2	TCGA-E9-A3X8	0.0	0.0	1.0	0.0	0.0
4	TCGA-LL-A441	0.4	0.0	0.0	0.0	0.6
4	TCGA-AC-A3YI	0.0	0.0	0.6	0.0	0.4
0	TCGA-B6-A3ZX	0.8	0.0	0.0	0.1	0.1
2	TCGA-A2-A0CK	0.0	0.0	0.8	0.1	0.1
2	TCGA-A2-A0CR	0.0	0.0	0.9	0.0	0.1
2	TCGA-AC-A3TM	0.0	0.0	0.9	0.0	0.1
2	TCGA-AC-A3TN	0.0	0.0	1.0	0.0	0.0
2	TCGA-AC-A2FE	0.0	0.0	0.9	0.0	0.1
2	TCGA-AC-A2FM	0.0	0.0	0.7	0.3	0.0
2	TCGA-AC-A2QI	0.0	0.0	1.0	0.0	0.0
0	TCGA-AC-A2QJ	0.8	0.0	0.1	0.1	0.0
2	TCGA-AC-A3EH	0.0	0.0	0.7	0.3	0.0
2	TCGA-AC-A3BB	0.0	0.0	1.0	0.0	0.0
1	TCGA-AC-A3W5	0.0	0.9	0.0	0.0	0.1
2	TCGA-AC-A3W7	0.0	0.0	1.0	0.0	0.0
2	TCGA-AC-A3W6	0.0	0.0	0.9	0.1	0.0
2	TCGA-AR-A2LJ	0.0	0.0	1.0	0.0	0.0
2	TCGA-AR-A1AM	0.0	0.0	1.0	0.0	0.0
2	TCGA-BH-A0B6	0.1	0.0	0.9	0.0	0.0
2	TCGA-E2-A107	0.0	0.0	0.9	0.1	0.0
2	TCGA-EW-A423	0.0	0.0	0.9	0.1	0.0
2	TCGA-EW-A424	0.0	0.0	0.9	0.1	0.0
0	TCGA-GM-A3XL	0.9	0.1	0.0	0.0	0.0
2	TCGA-GM-A3XN	0.0	0.0	1.0	0.0	0.0
2	TCGA-LL-A440	0.0	0.0	0.6	0.3	0.1
2	TCGA-JL-A3YX	0.0	0.0	1.0	0.0	0.0
1	TCGA-E2-A1LE	0.0	0.9	0.1	0.0	0.0
0	TCGA-E9-A3QA	0.9	0.0	0.1	0.0	0.0
0	TCGA-EW-A3U0	0.9	0.0	0.0	0.1	0.0
2	TCGA-D8-A4Z1	0.0	0.0	1.0	0.0	0.0
2	TCGA-A2-A4S2	0.0	0.0	1.0	0.0	0.0
1	TCGA-A7-A4SF	0.3	0.6	0.0	0.1	0.0
3	TCGA-AQ-A54O	0.1	0.0	0.1	0.8	0.0
0	TCGA-AQ-A54N	0.8	0.1	0.1	0.0	0.0
2	TCGA-LL-A50Y	0.0	0.0	1.0	0.0	0.0
2	TCGA-A7-A4SB	0.0	0.0	0.9	0.1	0.0
0	TCGA-A2-A4RX	0.6	0.0	0.2	0.2	0.0
3	TCGA-E9-A54X	0.0	0.0	0.4	0.6	0.0
4	TCGA-A2-A4RY	0.0	0.0	0.4	0.0	0.6
2	TCGA-A2-A4S0	0.0	0.0	1.0	0.0	0.0
0	TCGA-A7-A4SD	0.8	0.0	0.2	0.0	0.0
2	TCGA-LQ-A4E4	0.1	0.0	0.5	0.3	0.1
2	TCGA-A7-A4SA	0.0	0.1	0.9	0.0	0.0
2	TCGA-MS-A51U	0.0	0.0	1.0	0.0	0.0
0	TCGA-A7-A5ZV	1.0	0.0	0.0	0.0	0.0
1	TCGA-AC-A5EH	0.0	0.5	0.2	0.3	0.0
2	TCGA-AC-A5XU	0.0	0.0	0.8	0.2	0.0
2	TCGA-AR-A5QN	0.0	0.0	1.0	0.0	0.0
3	TCGA-E9-A5UO	0.0	0.1	0.1	0.8	0.0
2	TCGA-AR-A5QP	0.0	0.0	0.8	0.1	0.1
4	TCGA-OL-A5RY	0.0	0.1	0.4	0.0	0.5
1	TCGA-LL-A5YO	0.0	1.0	0.0	0.0	0.0
0	TCGA-LL-A5YP	0.9	0.1	0.0	0.0	0.0
2	TCGA-OL-A5RX	0.0	0.0	1.0	0.0	0.0
1	TCGA-OL-A5RZ	0.2	0.5	0.2	0.1	0.0
2	TCGA-OL-A5RV	0.0	0.0	1.0	0.0	0.0
0	TCGA-OL-A5S0	0.5	0.3	0.1	0.0	0.1
2	TCGA-A7-A56D	0.1	0.1	0.7	0.1	0.0
2	TCGA-AR-A5QM	0.0	0.0	1.0	0.0	0.0
2	TCGA-E9-A5FK	0.0	0.0	1.0	0.0	0.0
2	TCGA-BH-A5J0	0.0	0.0	1.0	0.0	0.0
0	TCGA-E9-A5FL	0.9	0.0	0.1	0.0	0.0
2	TCGA-LL-A5YN	0.0	0.1	0.9	0.0	0.0
2	TCGA-OK-A5Q2	0.0	0.0	1.0	0.0	0.0
0	TCGA-OL-A5D7	1.0	0.0	0.0	0.0	0.0
2	TCGA-OL-A5D8	0.1	0.0	0.8	0.1	0.0
2	TCGA-OL-A5DA	0.0	0.0	1.0	0.0	0.0
2	TCGA-OL-A5RU	0.0	0.0	0.9	0.0	0.1
2	TCGA-PE-A5DC	0.0	0.0	0.9	0.1	0.0
2	TCGA-PE-A5DD	0.0	0.0	0.8	0.1	0.1
0	TCGA-BH-A5IZ	1.0	0.0	0.0	0.0	0.0
2	TCGA-HN-A2OB	0.0	0.0	1.0	0.0	0.0
2	TCGA-A7-A5ZW	0.0	0.0	0.9	0.1	0.0
2	TCGA-A7-A5ZX	0.0	0.0	1.0	0.0	0.0
2	TCGA-AC-A5XS	0.0	0.0	0.7	0.3	0.0
0	TCGA-AC-A62X	1.0	0.0	0.0	0.0	0.0
3	TCGA-E2-A56Z	0.0	0.0	0.6	0.3	0.1
0	TCGA-E2-A574	0.9	0.0	0.0	0.1	0.0
2	TCGA-OL-A66J	0.0	0.1	0.6	0.3	0.0
0	TCGA-OL-A66I	1.0	0.0	0.0	0.0	0.0
2	TCGA-OL-A66K	0.0	0.0	1.0	0.0	0.0
2	TCGA-OL-A66H	0.0	0.0	1.0	0.0	0.0
0	TCGA-E9-A1NC	0.9	0.0	0.1	0.0	0.0
3	TCGA-AC-A62V	0.0	0.0	0.3	0.6	0.1
2	TCGA-E2-A576	0.0	0.0	1.0	0.0	0.0
2	TCGA-E9-A6HE	0.0	0.0	0.9	0.1	0.0
0	TCGA-LL-A6FR	1.0	0.0	0.0	0.0	0.0
2	TCGA-OL-A66O	0.0	0.0	1.0	0.0	0.0
2	TCGA-OL-A66L	0.0	0.0	0.9	0.0	0.1
2	TCGA-EW-A1IZ	0.0	0.0	1.0	0.0	0.0
3	TCGA-E9-A1RG	0.0	0.0	0.4	0.6	0.0
3	TCGA-EW-A6SA	0.2	0.0	0.1	0.7	0.0
0	TCGA-EW-A6SB	0.8	0.1	0.0	0.1	0.0
4	TCGA-LL-A73Z	0.1	0.1	0.1	0.1	0.6
2	TCGA-LL-A740	0.0	0.0	1.0	0.0	0.0
2	TCGA-AC-A6IX	0.0	0.0	0.9	0.0	0.1
4	TCGA-BH-A6R9	0.0	0.0	0.2	0.0	0.8
2	TCGA-S3-A6ZG	0.0	0.0	0.9	0.1	0.0
2	TCGA-S3-A6ZH	0.0	0.0	0.8	0.2	0.0
4	TCGA-AO-A0JB	0.2	0.0	0.1	0.0	0.7
0	TCGA-A7-A6VV	0.8	0.1	0.0	0.1	0.0
0	TCGA-A7-A6VW	0.8	0.0	0.2	0.0	0.0
2	TCGA-AC-A6NO	0.0	0.0	0.8	0.2	0.0
2	TCGA-EW-A6S9	0.0	0.1	0.8	0.1	0.0
2	TCGA-D8-A73U	0.0	0.0	1.0	0.0	0.0
1	TCGA-EW-A6SD	0.2	0.7	0.0	0.1	0.0
3	TCGA-A7-A6VX	0.0	0.0	0.0	0.9	0.1
2	TCGA-LD-A74U	0.0	0.0	0.9	0.1	0.0
2	TCGA-OL-A6VR	0.0	0.0	1.0	0.0	0.0
2	TCGA-AC-A6IV	0.0	0.0	1.0	0.0	0.0
0	TCGA-AC-A6IW	1.0	0.0	0.0	0.0	0.0
0	TCGA-LL-A73Y	0.6	0.0	0.2	0.1	0.1
2	TCGA-V7-A7HQ	0.0	0.0	1.0	0.0	0.0
2	TCGA-BH-A8G0	0.0	0.0	1.0	0.0	0.0
2	TCGA-D8-A73W	0.0	0.0	1.0	0.0	0.0
2	TCGA-LL-A7SZ	0.0	0.0	0.6	0.1	0.3
2	TCGA-LD-A7W6	0.0	0.0	1.0	0.0	0.0
3	TCGA-LL-A7T0	0.0	0.0	0.3	0.7	0.0
0	TCGA-AC-A7VC	0.8	0.0	0.1	0.1	0.0
3	TCGA-AC-A7VB	0.0	0.0	0.1	0.9	0.0
4	TCGA-BH-A8FZ	0.0	0.0	0.4	0.0	0.6
2	TCGA-BH-A8FY	0.0	0.0	1.0	0.0	0.0
2	TCGA-XX-A89A	0.0	0.0	0.9	0.1	0.0
1	TCGA-C8-A8HP	0.1	0.8	0.0	0.1	0.0
0	TCGA-LL-A8F5	1.0	0.0	0.0	0.0	0.0
2	TCGA-AC-A8OP	0.0	0.0	1.0	0.0	0.0
2	TCGA-XX-A899	0.0	0.0	1.0	0.0	0.0
2	TCGA-W8-A86G	0.0	0.0	1.0	0.0	0.0
0	TCGA-PL-A8LZ	1.0	0.0	0.0	0.0	0.0
2	TCGA-3C-AAAU	0.1	0.0	0.6	0.3	0.0
2	TCGA-AC-A4ZE	0.0	0.0	1.0	0.0	0.0
0	TCGA-S3-AA10	0.9	0.0	0.0	0.0	0.1
4	TCGA-LD-A9QF	0.0	0.0	0.5	0.0	0.5
2	TCGA-WT-AB41	0.0	0.0	0.9	0.1	0.0
1	TCGA-3C-AALI	0.2	0.7	0.0	0.1	0.0
2	TCGA-S3-AA11	0.0	0.0	1.0	0.0	0.0
2	TCGA-LL-A9Q3	0.0	0.0	1.0	0.0	0.0
2	TCGA-WT-AB44	0.1	0.0	0.9	0.0	0.0
3	TCGA-3C-AALJ	0.0	0.1	0.1	0.8	0.0
2	TCGA-AC-A8OR	0.0	0.0	0.9	0.1	0.0
2	TCGA-S3-AA12	0.0	0.0	0.7	0.3	0.0
2	TCGA-OL-A6VQ	0.0	0.0	1.0	0.0	0.0
2	TCGA-Z7-A8R5	0.0	0.0	1.0	0.0	0.0
2	TCGA-S3-AA14	0.0	0.0	0.6	0.4	0.0
4	TCGA-OL-A97C	0.0	0.0	0.2	0.1	0.7
2	TCGA-AC-A8OS	0.0	0.0	0.9	0.0	0.1
2	TCGA-4H-AAAK	0.0	0.0	1.0	0.0	0.0
2	TCGA-BH-AB28	0.0	0.0	0.9	0.1	0.0
0	TCGA-S3-AA15	0.7	0.0	0.1	0.1	0.1
0	TCGA-PL-A8LV	1.0	0.0	0.0	0.0	0.0
3	TCGA-S3-AA17	0.0	0.0	0.3	0.6	0.1
2	TCGA-PL-A8LX	0.0	0.1	0.7	0.2	0.0
4	TCGA-PL-A8LY	0.0	0.0	0.2	0.0	0.8
3	TCGA-5T-A9QA	0.0	0.0	0.3	0.7	0.0
2	TCGA-5L-AAT1	0.0	0.0	0.9	0.1	0.0
3	TCGA-E2-A9RU	0.0	0.0	0.0	0.9	0.1
0	TCGA-S3-AA0Z	0.7	0.0	0.1	0.0	0.2
1	TCGA-UU-A93S	0.0	0.7	0.1	0.2	0.0
3	TCGA-E9-A54Y	0.0	0.0	0.5	0.5	0.0
