sample_id	label	num_0_0	num_1_0	num_2_0	num_3_0	num_4_0
TCGA-A1-A0SE	2	0.09670005814162931	0.0027835250621975043	0.8417706179255662	0.048437225636677184	0.010308573233929644
TCGA-A2-A0SU	2	0.009071649491176375	0.008411486632756409	0.891626611795647	0.06805875483553357	0.022831497244886693
TCGA-A2-A0T2	0	0.9710550607431178	0.022193775965726824	0.002672725363821092	0.0003182214503262912	0.0037602164770081325
TCGA-AR-A0TV	3	0.15225652219833855	0.09546718163915464	0.0016970613173765982	0.7395043249619074	0.011074909883222935
TCGA-B6-A0RM	2	0.03939329188685836	0.009161835012052233	0.7893540758142557	0.057627089176575635	0.10446370811025807
TCGA-B6-A0RN	2	0.010528312719300072	0.008845713849432654	0.9057076242003942	0.051537304499062284	0.02338104473181104
TCGA-BH-A0DH	2	0.011124409626294587	0.007757452278102065	0.8115869508070881	0.16285849333217023	0.00667269395634505
TCGA-BH-A0DQ	2	0.03488826398631477	0.006821433821424185	0.640063694642379	0.3060785607678817	0.012148046782000273
TCGA-AO-A0JJ	2	0.07998484669041465	0.007492473498166276	0.7827792943408403	0.06330135655502576	0.06644202891555305
TCGA-AO-A0JL	0	0.6646228589106373	0.06071626981152367	0.001206556990858896	0.208485755481192	0.06496855880578824
TCGA-AO-A0JM	3	0.0014905893657202695	0.11312844400126504	0.18981095936602993	0.6449849589858222	0.05058504828116257
TCGA-B6-A0RE	0	0.9604369810121911	0.009464954069797735	0.004143194436336777	0.015933329136365675	0.010021541345308516
TCGA-B6-A0RI	2	0.005847761720724874	0.006300082068707876	0.8596436049194418	0.11474759970397197	0.013460951587153472
TCGA-BH-A0AW	1	0.02217234496983967	0.7847547174299363	0.008256781272469921	0.15750507283973958	0.027311083488014535
TCGA-BH-A0B3	0	0.8813882490002833	0.006098620023818535	0.08968243626550734	0.005915581206866032	0.01691511350352476
TCGA-BH-A0BA	2	0.00036943719827939195	0.0005608844077854538	0.693860710876071	0.30194298459356145	0.0032659829243026225
TCGA-A2-A0CT	2	0.00028808728486484896	0.005637071692010119	0.5932389543775085	0.39834023493997295	0.0024956517056436336
TCGA-A2-A0EU	2	0.0007381595997874463	0.0023005636833509234	0.7499901823231033	0.2192344738377378	0.027736620556020372
TCGA-A8-A08O	2	0.0053556094070722725	0.0027072226927927507	0.6964421152167852	0.270323361954706	0.025171690728643687
TCGA-AO-A03L	2	0.006830931229838825	0.004619651747671536	0.6942776791909118	0.28577102800133414	0.008500709830243635
TCGA-AO-A0JA	2	0.00424777815644845	0.02792059465879695	0.756946757775581	0.1665203127738801	0.04436455663529343
TCGA-AO-A0JC	2	0.014688673554027087	0.00641015710795324	0.8267590292708061	0.08360754464726536	0.06853459541994808
TCGA-AO-A0JF	2	0.0334606507128918	0.008899720770286163	0.8134338173396332	0.06346061352895477	0.08074519764823412
TCGA-AO-A0JI	2	0.005013938070480582	0.01514125300483066	0.403786216313138	0.5742236373790288	0.001834955232521939
TCGA-BH-A0BM	2	0.045858810619065146	0.007007999610428502	0.8085315836698895	0.07627217690476791	0.06232942919584894
TCGA-BH-A0DK	2	0.01029687788828837	0.007597897989350874	0.7449517969163558	0.22352771376688996	0.013625713439114902
TCGA-BH-A0DP	2	0.004054082834472046	0.0039985065335252324	0.8960295490499667	0.07220051361257215	0.023717347969463825
TCGA-BH-A0DS	2	0.03703791730736907	0.0019490237801444272	0.825173465942449	0.12304768223346527	0.012791910736572194
TCGA-BH-A0E2	2	0.009947262396887466	0.0018470573929052416	0.8353796073326204	0.13969669477712301	0.013129378100463896
TCGA-BH-A0GY	2	0.23801850762465324	0.003102272478988876	0.6778475694289673	0.018986237972243438	0.06204541249514715
TCGA-BH-A0H0	3	0.010920917398309795	0.00966648711242236	0.8820507937960371	0.08462469365340822	0.012737108039822377
TCGA-BH-A0H6	2	0.08365668688286301	0.008381513972311442	0.7431386576627755	0.08582300338648148	0.07900013809556854
TCGA-BH-A0H9	2	0.0013287436391933663	0.002861312620055117	0.9384442051641017	0.03727169767557014	0.020094040901079645
TCGA-BH-A0HB	2	0.03897666645868847	0.0014581956908552131	0.7621128455098567	0.19345228478615908	0.004000007554440467
TCGA-BH-A0HF	2	0.08248498120254114	0.011603349726665182	0.8114119165011795	0.05273353937249879	0.041766213197115425
TCGA-A1-A0SO	0	0.9344563982862667	0.011432015873384499	6.336551078686503e-05	0.05395149174738457	9.672858217742499e-05
TCGA-A1-A0SP	0	0.735759620516676	0.009508821507443465	0.218624878224305	0.027556760319321884	0.00854991943225339
TCGA-A2-A0T0	0	0.9261375700248833	0.02721362899505172	0.0004844739983416961	0.023834794017332024	0.022329532964391267
TCGA-A2-A0T1	1	0.0393265556922617	0.7513816010185478	0.0717093898428729	0.09918425034625535	0.03839820310006232
TCGA-AO-A0JG	2	0.056226671468966066	0.006781544159889795	0.7512462585809314	0.1293929892620022	0.05635253652821041
TCGA-AR-A0TR	2	0.006512157164617294	0.0028562802191468293	0.6689719654362901	0.3118284919875696	0.009831105192376064
TCGA-B6-A0RL	3	0.004865125650144519	0.02359535921474101	0.4679368568279593	0.5005065725597768	0.0030960857473782684
TCGA-B6-A0RU	0	0.45493980063468525	0.029803032781325647	0.4682037126084191	0.03086663137103211	0.016186822604537812
TCGA-B6-A0RV	2	0.04112319714298075	0.006937519543378631	0.7803330754896886	0.13365457655268065	0.037951631271271324
TCGA-BH-A0BC	2	0.025008859444990907	0.0033701421811501856	0.8670553994448114	0.09896442732937326	0.0056011715996742125
TCGA-A1-A0SK	0	0.7861948635604133	0.0758448502837805	0.0431408240224565	0.053491216082575524	0.04132824605077415
TCGA-A1-A0SM	2	0.0058353033166602996	0.30809840209651973	0.5536620478080589	0.06083892824351658	0.07156531853524445
TCGA-A2-A0SX	0	0.7297330087351539	0.02504904476393925	0.07398929624335553	0.15271065950357424	0.01851799075397711
TCGA-A2-A0SY	2	0.0017110238594049319	0.022392297477905568	0.8968711785307968	0.07251091532646287	0.006514584805429949
TCGA-A1-A0SJ	2	0.010705638491135865	0.001235937581801369	0.5814760048194797	0.3913615320865933	0.01522088702098965
TCGA-A2-A0EN	2	0.004242349726820151	0.00367180829960668	0.8080069907539028	0.1495153987114097	0.03456345250826063
TCGA-A2-A0SV	3	0.006681381163086576	0.0018869871268574136	0.21251333751675788	0.7772893109808254	0.001628983212472661
TCGA-A2-A0SW	3	0.05732288018983859	0.00163023123706944	0.39312397672572114	0.5141571907968925	0.033765721050478294
TCGA-A2-A0T5	2	0.012600753872006439	0.007474754066063709	0.8942891574815117	0.05058725511502768	0.03504807946539038
TCGA-AR-A0TX	1	0.007808713588746075	0.6520286233342973	0.08868476949314294	0.24623202135682054	0.0052458722269931
TCGA-B6-A0RO	2	0.019645945131192197	0.003602795122591651	0.7235023623068254	0.2397223344598897	0.01352656297950106
TCGA-B6-A0RP	2	0.09891082370762443	0.030243866716969152	0.7565428094206229	0.09993143179489664	0.014371068359886895
TCGA-BH-A0HI	2	0.010166022949375072	0.0027281089107853073	0.9649131575951426	0.006540965843680791	0.015651744701016157
TCGA-BH-A0HK	2	0.006986234465035803	0.004083130795995268	0.8844497759821777	0.08369775268026498	0.020783106076526305
TCGA-BH-A0HX	2	0.008900943831817007	0.003222381357851427	0.8379393892942151	0.123871422940559	0.026065862575557434
TCGA-BH-A0HY	3	0.026832584582171765	0.08202154725091985	0.002983635746609031	0.8873148450617186	0.0008473873585807029
TCGA-A2-A0T7	2	0.0027895676552424174	0.0072175170394380254	0.7560794567148097	0.2264253176441313	0.007488140946378334
TCGA-AR-A0TP	0	0.8928068215755618	0.027761709388477877	0.006187434225556639	0.06825378009945623	0.00499025471094747
TCGA-AR-A0TZ	2	3.858469360608112e-05	0.004152309104335777	0.7534865633326031	0.2258653515953876	0.016457191274067355
TCGA-B6-A0RS	1	0.34848311761468365	0.38701572375627585	0.05356932409306426	0.1755151142498554	0.035416720286120806
TCGA-B6-A0RT	0	0.2765847609320723	0.011349753837097847	0.48790524750140996	0.15266768678729398	0.07149255094212598
TCGA-BH-A0HP	2	0.053538814965217375	0.007248632541686506	0.8077893517754825	0.07441529600580858	0.05700790471180496
TCGA-BH-A0W4	2	0.03981643622307071	0.009003301510630056	0.7910370274478223	0.08642297744735365	0.07372025737112331
TCGA-AR-A0U4	0	0.8964324625435816	0.005770621601262672	0.02682472972799686	0.02864456544752279	0.04232762067963607
TCGA-B6-A0WX	0	0.5427473233972079	0.02995800736453856	0.31492479399166484	0.025502432025378944	0.08686744322120972
TCGA-B6-A0WY	2	0.01007491241873134	0.006154874976353997	0.6880191080272617	0.26351543482222184	0.03223566975543095
TCGA-A2-A0YF	2	0.013554508692664863	0.012838615230913408	0.781490201112703	0.15777209833984882	0.034344576623869846
TCGA-A2-A0YT	3	0.01566576486919517	0.01383872697782081	0.09324803391921041	0.8537967489636791	0.02345072527009466
TCGA-AN-A0XS	2	0.02977450996884693	0.012933473455975491	0.797370410092652	0.12027928075916766	0.039642325723357956
TCGA-B6-A0WZ	2	0.5456350085984732	0.083858508436182	0.25382510369404493	0.05922898328881318	0.05745239598248664
TCGA-AO-A12C	2	0.04174332269460997	0.010784449999262289	0.8091459651563635	0.04706953579396746	0.09125672635579671
TCGA-AO-A12E	2	0.0032070156272239535	0.00363638799897781	0.8494987214865406	0.10102090686294361	0.042636968024314034
TCGA-AO-A12G	2	0.01037755169507436	0.006564152676885402	0.8799072131168838	0.08100362817582056	0.022147454335335805
TCGA-B6-A0X7	2	0.033636162035706955	0.008069916556252575	0.807756380464292	0.06227137031855004	0.08826617062519845
TCGA-A2-A0YC	2	0.005883424993664624	0.01441061845992492	0.8794319742316717	0.07550883500879586	0.024765147305942963
TCGA-A2-A0YL	2	0.045596374832320485	0.006847915951789922	0.8114473913118067	0.06799926815223292	0.0681090497518501
TCGA-AN-A0XO	2	0.0023398236222087095	0.0016936818425032452	0.7871620323744488	0.1647369386648828	0.04406752349595651
TCGA-AN-A0XP	2	0.0011586780863213342	0.0040139030052001356	0.8162980764646509	0.1696257672601514	0.00890357518367621
TCGA-AN-A0XR	3	0.015190121595482648	0.003360675201186378	0.8389871974011472	0.11685703087686412	0.025604974925319646
TCGA-A2-A0YI	2	0.03697837714507744	0.009089112055289455	0.7943843097393338	0.08839269552300318	0.07115550553729627
TCGA-AO-A124	0	0.9541532093826701	0.039692727949064574	0.00019245958815304772	0.0030145881837777017	0.0029470148963344485
TCGA-AO-A125	2	0.01233069082413031	0.009497744408568683	0.8950941875320229	0.05244628270552127	0.030631094529756965
TCGA-AO-A126	2	0.041042084879541176	0.010141041472534161	0.8215368019490588	0.08154328519725582	0.04573678650161
TCGA-AO-A128	0	0.22982939138992264	0.006445530477717688	0.6505732623626594	0.052295876756655396	0.060855939013044924
TCGA-E2-A105	2	0.09197400666454096	0.02128203346992748	0.5191220765045924	0.335542630888341	0.03207925247259818
TCGA-E2-A108	4	0.2872113356142453	0.0428312902864889	0.3690517952599876	0.10119473007222123	0.19971084876705697
TCGA-E2-A109	3	0.012420018709219384	0.036315238127636984	0.25924320341687357	0.685444245855397	0.0065772938908731675
TCGA-E2-A10E	2	0.009779460306209917	0.010594224815361238	0.7270215075334945	0.2303466878343307	0.022258119510603573
TCGA-E2-A10F	2	0.031059681775961995	0.010700770755331148	0.8149184286926199	0.07861453486758431	0.06470658390850265
TCGA-AN-A0XL	2	0.019548966777426246	0.008776276416227656	0.8248252187036946	0.10370518028373134	0.043144357818919975
TCGA-AO-A12B	2	0.00386314782064723	0.0015857686877090989	0.8181751613008198	0.13944583854964981	0.036930083641174075
TCGA-E2-A10C	3	0.014397866876381487	0.02579840772107477	0.7291075991475905	0.17503468688886772	0.055661439366085516
TCGA-BH-A0W3	3	0.018327940503264604	0.010035634416632468	0.4823762814236272	0.4708974195227435	0.018362724133732095
TCGA-A7-A13D	0	0.9020894297437888	0.07789507508162724	0.00390079636253354	0.003150389318646701	0.012964309493403678
TCGA-A7-A13E	0	0.9008723900407163	0.08388369111264243	0.00032707169810369715	0.007250540725928678	0.007666306422608891
TCGA-AR-A1AQ	0	0.8870181586533001	0.001984416665867699	0.056776296558415304	0.051202058737079455	0.0030190693853374777
TCGA-AR-A1AX	2	0.01865419254022539	0.030812118812758915	0.7636947855261944	0.09082580171183587	0.09601310140898553
TCGA-AR-A1AY	0	0.9108358744501882	0.00643156172236548	0.033775327660109086	0.04767212554966712	0.0012851106176700808
TCGA-BH-A0C3	3	0.03887174135879254	0.013849877961476523	0.7776541746878933	0.08637862446703364	0.08324558152480402
TCGA-BH-A0DD	3	0.0018506128268663854	0.10787292333340422	0.2944119980580167	0.576474745689552	0.019389720092160608
TCGA-E2-A15J	2	0.012424002641059475	0.008745540628790113	0.910290496903782	0.04406161662780736	0.02447834319856101
TCGA-E2-A15K	3	0.008246298723508936	0.00942234889801876	0.81928396161756	0.1420770258413667	0.020970364919545646
TCGA-E2-A1AZ	0	0.8439526374473865	0.0031039762705327586	0.06018570091037728	0.05636318928301394	0.03639449608868959
TCGA-E2-A1BC	2	0.0251561593083415	0.009495689050653807	0.7561160970669432	0.16775393178286038	0.04147812279120122
TCGA-AR-A1AI	0	0.9304703957589722	0.00390442830200029	0.04656038110764551	0.016899784075760337	0.002165010755621728
TCGA-AR-A1AS	2	0.013922452285644687	0.00501567530446194	0.8829890989873237	0.08778166120743548	0.01029111221513414
TCGA-AR-A1AK	2	0.028559601026520994	0.003121621994106656	0.6917267859748366	0.25221375155672193	0.024378239447813674
TCGA-AR-A1AJ	0	0.4600039797942014	0.011887171562808389	0.4474306471407097	0.03605152783817311	0.04462667366410737
TCGA-BH-A0AZ	2	0.015700262534541348	0.009049544216097065	0.9166452206109589	0.03958932964680911	0.019015642991593622
TCGA-BH-A0B5	2	0.005698261397926065	0.004178213023034109	0.8025548483558572	0.17351710261602699	0.014051574607155634
TCGA-BH-A0BF	3	0.22365754587062128	0.021838276873500446	0.4456573536965193	0.15843885850229938	0.15040796505705958
TCGA-BH-A0DG	2	0.028195266691268754	0.003919001357463904	0.8374812712854001	0.09356426039438741	0.0368402002714797
TCGA-BH-A0DI	2	0.016123695580471567	0.004748595553800919	0.8138208536871238	0.12806246706007146	0.03724438811853237
TCGA-AR-A1AL	2	0.038247049897430066	0.008881501603455012	0.8033953679234095	0.06005261058339554	0.08942346999230996
TCGA-AR-A1AV	2	0.011864138199369429	0.001151037590972826	0.8259856172143549	0.14503896301595515	0.015960243979347793
TCGA-BH-A0DV	2	0.036434599694128364	0.008243100509025653	0.8024546716394679	0.06014481629023845	0.09272281186713961
TCGA-E2-A1B4	2	0.033592002277095086	0.00966639014095028	0.8073807013998966	0.073671842107639	0.075689064074419
TCGA-AR-A1AR	0	0.7594839753247232	0.01408437229422276	0.16860731978420504	0.026842293634828703	0.0309820389620202
TCGA-BH-A1EO	2	0.022526877388163485	0.0026669756500106103	0.8444456383832006	0.11934277123915382	0.011017737339471452
TCGA-BH-A1ET	2	0.012441649271472531	0.008578083871955413	0.8895246078687267	0.06237019756502197	0.027085461422823552
TCGA-BH-A1EV	1	0.033877984538952986	0.7622691314984862	0.07023185192737408	0.12726896056259884	0.006352071472587753
TCGA-BH-A1EW	2	0.013296262671448648	0.006188006757576967	0.8720298804433831	0.09704102461065026	0.011444825516940996
TCGA-E2-A14N	0	0.8671740841414782	0.015797220165417094	0.07549919914146083	0.020890154117651077	0.020639342433992732
TCGA-E2-A15I	2	0.013366915618069916	0.006454930817437007	0.8794237127882638	0.05814028473786376	0.04261415603836546
TCGA-A2-A1FV	2	0.04348001921037567	0.006985901570866469	0.8009855311563501	0.07495119828827969	0.07359734977412824
TCGA-A2-A1FW	3	0.0006682140405471765	0.00039100669941442124	0.06883348226207554	0.904929911616195	0.025177385381767937
TCGA-A2-A1G1	0	0.619194509393996	0.18352212040841465	0.04255876699382648	0.12697070611326552	0.027753897090497307
TCGA-E2-A1IN	2	0.0018495145194365387	0.0007581219037197834	0.7753854235372958	0.20705720075465558	0.0149497392848923
TCGA-E2-A1L8	2	0.004509017814474895	0.004866612589623118	0.7795408791111117	0.20788207007688234	0.0032014204079077887
TCGA-EW-A1J2	2	0.031311240917567845	0.013092096018609937	0.7878726879374502	0.08280082566029888	0.08492314946607311
TCGA-A2-A1G4	3	0.024905512936671717	0.00990821569946331	0.7635015858667101	0.14052309392333326	0.06116159157382151
TCGA-AO-A1KO	4	0.027387321788987833	0.009097887678355942	0.7336236865379944	0.12170002847219766	0.10819107552246417
TCGA-AO-A1KP	3	0.0015273683555809526	0.013357421739768527	0.6942572551948855	0.28095038366231484	0.009907571047450225
TCGA-AO-A1KT	3	0.002397126963364842	0.008812845584557668	0.5274344634230138	0.4563689506483698	0.004986613380694111
TCGA-BH-A1EX	2	0.07679637656165675	0.013810847651382937	0.7018610660198753	0.06810314834018145	0.13942856142690366
TCGA-BH-A1FD	3	0.03002186138107821	0.018324065161360387	0.01818005475578835	0.916535193221508	0.01693882548026495
TCGA-C8-A1HE	2	0.0076090246248473456	0.010987288179617622	0.9161616044985242	0.049978392070518296	0.015263690626492535
TCGA-D8-A1JD	3	0.0162146717469966	0.003294755427201095	0.38976439141061753	0.5864167007058173	0.004309480709367376
TCGA-D8-A1JL	0	0.940112597706292	0.014280467451928203	0.00365404061493833	0.034764425424283686	0.007188468802557859
TCGA-E2-A1IE	2	0.07353303694182386	0.007848083731085706	0.6878623117248518	0.21461527672034852	0.016141290881890105
TCGA-AR-A1AW	3	0.011978377900941466	0.022594855324472383	0.42513485068612367	0.5073685811341846	0.03292333495427789
TCGA-BH-A0BT	2	0.05330556571749861	0.05283670674769062	0.6092366858631201	0.26752336979453134	0.017097671877159448
TCGA-BH-A0H3	2	0.03874755436743402	0.008566466116261091	0.7973478062141841	0.05924857576441917	0.09608959753770152
TCGA-BH-A0HA	2	0.030239776847762745	0.008121257072664203	0.8811356527377919	0.041313070178048875	0.03919024316373219
TCGA-A1-A0SQ	2	0.02883439721374573	0.007713005941559295	0.8322203547057353	0.07563728370527774	0.05559495843368196
TCGA-E2-A1IF	2	0.0326503447781611	0.00765670552565679	0.812198341857974	0.05995027214293987	0.08754433569526819
TCGA-E2-A1IO	2	0.13348276477207094	0.016360867272088835	0.645889971285732	0.19630715181536562	0.007959244854742592
TCGA-E2-A1LA	2	0.06557551152842052	0.054686020925018425	0.6307684692243773	0.1706733526369498	0.0782966456852338
TCGA-E2-A1LB	1	0.006068452513399105	0.704779093013908	0.12361593006781756	0.1437883736083945	0.021748150796480934
TCGA-E9-A1N8	0	0.8167179924370932	0.066511078447125	0.0031617477808888496	0.11164063671664323	0.0019685446182496217
TCGA-EW-A1OZ	3	0.01129972431965388	0.04647047341963214	0.028994944387886756	0.9085448956041848	0.004689962268642241
TCGA-EW-A1P4	0	0.6366959154118528	0.09779438427932477	0.0031137240715889913	0.261724354351187	0.0006716218860464741
TCGA-EW-A1P5	2	0.0016753873906188447	0.00012900062709510747	0.8999096494886821	0.09498202199261625	0.003303940500987528
TCGA-BH-A1F0	0	0.8158259425882808	0.02271138198886389	0.07570965609863389	0.03989562845431326	0.04585739086990801
TCGA-C8-A1HF	1	0.0013357990285183265	0.7970815749063385	0.04859116733960804	0.14809090945947373	0.004900549266061478
TCGA-C8-A1HG	3	0.027233048819883695	0.012800974018573365	0.4626291153299342	0.4923352121602956	0.005001649671313039
TCGA-C8-A1HI	2	0.005983502866078074	0.002591924214242448	0.8214323492016651	0.1611681320555416	0.008824091662473018
TCGA-C8-A1HL	3	0.003518939904495238	0.11384599059661009	0.1604774717527908	0.709486734418809	0.01267086332729469
TCGA-C8-A1HM	3	0.07150228557743729	0.012741372543011822	0.16582476519113806	0.7098212229784417	0.040110353709971014
TCGA-C8-A1HN	3	0.017903194391239694	0.013716987884135317	0.12262172422833456	0.8232249562398148	0.022533137256475457
TCGA-BH-A0H7	2	0.0014915710464599903	0.00531963739983486	0.5927246075168101	0.3980125012336005	0.002451682803294548
TCGA-D8-A1JS	2	0.011038494340133853	0.008819702475908391	0.8929189185565933	0.05957927542826187	0.027643609199102418
TCGA-E2-A1IH	2	0.007510691321445867	0.01888970368891335	0.8020548558736452	0.10994371442243675	0.06160103469355878
TCGA-E2-A1L9	2	0.04309146109137999	0.007135228663748272	0.7931905559396613	0.06239125078615174	0.09419150351905872
TCGA-EW-A1J3	2	7.385309297267547e-05	0.1297809800765515	0.6694578116508847	0.19338907349411574	0.007298281685475352
TCGA-EW-A1J5	2	0.013032288101462812	0.011123244198735796	0.828456650347991	0.09348697701930202	0.05390084033250854
TCGA-BH-A1F6	0	0.9216930004028958	0.03183672281966001	0.00014512248963957113	0.03103631774442787	0.015288836543376866
TCGA-D8-A1JU	2	0.03246564428763011	0.0071654865710934264	0.7855148960866978	0.08949925424975973	0.08535471880481901
TCGA-EW-A1IW	2	0.0011994531038231036	0.30031939678298414	0.29959122553959827	0.37923315094978843	0.01965677362380608
TCGA-EW-A1J6	3	0.004017627730564231	0.0001788419659523024	0.1888515333562041	0.8068457808921994	0.00010621605507991563
TCGA-A1-A0SG	2	0.014605361533702758	0.007141412894666205	0.9284117677051681	0.04122324064005137	0.008618217226411758
TCGA-A1-A0SI	3	0.029231899871436286	0.013937578047762878	0.7733217322680137	0.16998367978861445	0.013525110024172648
TCGA-A1-A0SN	3	0.00017062399338902356	0.10482051527784429	0.2577487666105421	0.6335401217670443	0.0037199723511802223
TCGA-AO-A1KR	0	0.9312677208899311	0.031448639891719046	0.009546713080309271	0.027196267899506556	0.000540658238533817
TCGA-E2-A1II	0	0.8653420332797586	0.03882787903036035	0.030245269999050983	0.061645202997241515	0.003939614693588474
TCGA-E2-A1IK	2	0.03187316801868163	0.00884114410927023	0.8149145619867176	0.06607294720109745	0.07829817868423299
TCGA-E2-A1LL	0	0.885149928144843	0.028933602009150863	0.006563110148978162	0.050282266967193255	0.02907109272983467
TCGA-A2-A1G0	2	0.006584723537183448	0.0036867894766718476	0.9121002043872385	0.04837978235677739	0.029248500242128807
TCGA-BH-A1EN	1	0.024419495322155996	0.9482425366450139	0.0037975641010535035	0.00705465781017462	0.016485746121601932
TCGA-BH-A1FC	0	0.9361898630683436	0.022500132188520934	0.033658486762451714	0.0037417701084720444	0.003909747872211547
TCGA-D8-A1X5	3	0.006118320278977669	0.018329224582058313	0.21114777162041617	0.7550017040145584	0.009402979503989425
TCGA-D8-A1XA	2	0.12764309291288742	0.01588864312472008	0.6078227692341185	0.22005693301797935	0.02858856171029455
TCGA-D8-A1XB	2	0.0012160715263396591	0.002612630359779748	0.8748184554310059	0.10744593977342519	0.01390690290944961
TCGA-D8-A1XC	2	0.04077598984774244	0.008461878682921751	0.7952128684111548	0.05954560400571291	0.09600365905246798
TCGA-D8-A1XD	2	0.022708462725139596	0.02223290601412268	0.7352834783414709	0.190950994814586	0.02882415810468086
TCGA-D8-A1XF	3	0.8278027627304569	0.031709307173212437	0.015494468048708432	0.10121381185293746	0.023779650194684754
TCGA-D8-A1XG	2	0.0032650605494243656	0.01171488390295669	0.7312989536379851	0.24407392764344887	0.009647174266184975
TCGA-C8-A1HJ	0	0.9027618348853029	0.04363779200469198	0.0013555912525634885	0.05188846525636156	0.0003563166010801015
TCGA-D8-A1JE	3	0.0031817937060061845	0.005957079703089255	0.5180799947110261	0.46604232573969345	0.006738806140185125
TCGA-D8-A1JF	1	0.1790593874096192	0.2046166645671118	0.3976231827751689	0.10372589402885755	0.11497487121924267
TCGA-D8-A1JM	0	0.9010155551824257	0.007343612475387848	0.03751822242166035	0.05265583580784128	0.0014667741126849665
TCGA-E2-A1IL	2	0.017204994952140912	0.006516363311315214	0.8427647727336721	0.10882333128339844	0.02469053771947336
TCGA-E2-A1LK	0	0.9425343002965368	0.012152154372898688	0.016328603965455782	0.011576429448122256	0.017408511916986467
TCGA-E9-A1N5	2	0.014038665297163756	0.004338567058022654	0.9113375563840301	0.049209111415208985	0.02107609984557438
TCGA-EW-A1OV	1	0.48981803658123674	0.09823881047594485	0.26927573667211524	0.04252579263340914	0.10014162363729405
TCGA-EW-A1OW	0	0.7415974342087531	0.017935863085625094	0.15026425721505043	0.00974587671254799	0.08045656877802347
TCGA-EW-A1OX	3	0.008842169353727032	0.006482120796084871	0.49645675703907016	0.444395289819989	0.043823662991129
TCGA-EW-A1P0	3	0.020356129030424018	0.10536851324009655	0.16722038095215322	0.5325824473426126	0.17447252943471356
TCGA-BH-A1FR	2	0.038931885334016536	0.009119971079722386	0.8086361974303983	0.06363009909634627	0.07968184705951652
TCGA-D8-A1JP	2	0.12240739693612077	0.010534713892133445	0.7105236999400966	0.11389473191021786	0.0426394573214314
TCGA-AO-A1KQ	3	0.01016773699803655	0.01718654103011908	0.20781776443343736	0.7035334629110174	0.06129449462738964
TCGA-BH-A1FG	2	0.06655800155745499	0.040673989622344926	0.7780396746157734	0.09112515306977426	0.02360318113465244
TCGA-A2-A0YG	3	0.008905229414529222	0.2405811040160579	0.1225785927928219	0.6048890514584094	0.023046022318181515
TCGA-A2-A0YH	3	0.0008479169730297086	0.0061035382222704125	0.31106372004693433	0.6731506881242395	0.008834136633526096
TCGA-BH-A1FN	3	0.2961547726356495	0.0003099056749043594	0.0016868535182989097	0.6956650543674701	0.006183413803677182
TCGA-B6-A1KF	0	0.7816523821060251	0.08085776143635535	5.7415323464752906e-05	0.10642760979678893	0.03100483133736602
TCGA-C8-A1HK	1	0.0017261339866617583	0.7479402764211296	0.0018240634678764033	0.2448885198512187	0.0036210062731133813
TCGA-D8-A1JB	2	0.08036317717421564	0.012984271672494637	0.6580815264529273	0.1877792190713136	0.060791805629048866
TCGA-D8-A1JI	3	0.0007325654398502964	0.001005148726097405	0.6284231638866368	0.36644511751740877	0.0033940044300067172
TCGA-D8-A1JK	0	0.7521852752825383	0.023540764877248835	0.18635846304542797	0.028447479520243207	0.009468017274541593
TCGA-D8-A1JN	2	0.022450396330469028	0.005491527028598712	0.7731564389996476	0.1876833378830733	0.011218299758211345
TCGA-EW-A1P7	4	0.13011080740274933	0.01537958674718517	0.7071863622431573	0.045477721121916934	0.10184552248499137
TCGA-EW-A1PB	0	0.9254751510670489	0.014121336740592806	0.044968028146071176	0.008212916256166526	0.007222567790120523
TCGA-EW-A1PD	2	0.015971094405936387	0.02346705078269933	0.8155675518856902	0.10460755171127498	0.040386751214399115
TCGA-EW-A1PE	2	0.0036486006803241574	0.0036894903776495095	0.7548589074717637	0.20918853719984068	0.028614464270422045
TCGA-EW-A1PF	2	0.053716821112160536	0.0074400543327861855	0.8152387689743582	0.08841020148319054	0.035194154097504586
TCGA-A1-A0SB	4	0.03682627400314652	0.009070471350551265	0.7919439095209004	0.06175473388086345	0.10040461124453826
TCGA-A1-A0SF	2	0.12561234319476283	0.006765213350336211	0.7362064381682866	0.05485910646372593	0.07655689882288849
TCGA-E9-A1R6	2	0.0005412049163743717	0.003614242001999425	0.8446620289620552	0.1394458345194484	0.011736689600122559
TCGA-E9-A1RA	2	0.010520780785438085	0.0037627320771600544	0.8380259554678015	0.10567820848394187	0.04201232318565856
TCGA-EW-A1P1	4	0.06900837840262973	0.019423453223006492	0.7335329186770742	0.12180527965581267	0.05622997004147706
TCGA-D8-A1J8	3	0.031529114266767654	0.017105208281567207	0.5285740623230007	0.40076743545557797	0.022024179673086494
TCGA-D8-A1J9	3	0.0005262398541322258	0.2660625011026072	0.06847155431634147	0.6639130822492599	0.0010266224776592555
TCGA-D8-A1JA	1	0.03773728156431477	0.852020863969349	0.0018436641619309269	0.02615667172879925	0.08224151857560602
TCGA-D8-A1JC	3	0.011926472691833436	0.04102880016868185	0.39504149620911605	0.5448687396926881	0.007134491237680569
TCGA-D8-A1JT	3	0.0041337443887594204	0.003268826360082166	0.7072718111820886	0.24865148867970518	0.03667412938936465
TCGA-E2-A1L6	2	0.0568495148539133	0.002753924886354443	0.9054290303176064	0.02221984219247209	0.012747687749654039
TCGA-EW-A1IY	3	0.10188119196049504	0.014625711557858486	0.7067666222905858	0.10242572307769839	0.07430075111336233
TCGA-EW-A1J1	2	0.049398761669719335	0.0015146994749897994	0.7918808085976811	0.1449142867437097	0.012291443513900147
TCGA-A2-A1FX	3	0.0001454129104994722	0.0026346429706807432	0.48136597669918296	0.5136516910637862	0.0022022763558507694
TCGA-AO-A1KS	3	6.1013732590339934e-05	0.0018655576091582014	0.44574645520710166	0.5489889342928315	0.00333803915831844
TCGA-B6-A1KN	3	0.0007443578644462139	0.2933414105800925	0.03339788881312582	0.6693653784138374	0.0031509643284982026
TCGA-BH-A1F5	2	0.009120836035727059	0.012504968001820493	0.9011645803189128	0.056738788286307566	0.02047082735723206
TCGA-AC-A23E	2	0.012367412781174323	0.0028892874283644597	0.8130235848469441	0.14727207611538237	0.0244476388281347
TCGA-BH-A0W5	2	0.005519836371426834	0.005123820037480356	0.8960648666407057	0.06659448259339387	0.026696994356993242
TCGA-BH-A0WA	0	0.9553452202676159	0.025240509410139843	0.0016647469644813918	0.017672213330819746	7.731002694293014e-05
TCGA-E9-A22B	2	0.018808429756771085	0.018533776804240107	0.605049678482726	0.34081650877232894	0.016791606183933973
TCGA-E9-A22E	3	0.3975825921436975	0.06340391968164026	0.02279661711389303	0.5158864773538692	0.0003303937068999853
TCGA-E9-A22H	3	0.04294300608607239	0.018147525253691326	0.584743827175046	0.2781038380541504	0.07606180343103992
TCGA-AR-A254	1	0.004005831430341179	0.8534738854631344	0.01152296251173319	0.11426969462616281	0.016727625968628358
TCGA-C8-A278	1	0.11504564656262767	0.7007633930237693	0.06577052127953016	0.06822289948710046	0.05019753964697238
TCGA-E9-A1QZ	2	0.012841942101918299	0.009315504469549818	0.8146192336035205	0.10823464265130094	0.054988677173710455
TCGA-B6-A1KI	2	0.006136306268776694	0.004850088344533255	0.8160623474890313	0.12218414110342042	0.05076711679423831
TCGA-D8-A1XM	2	0.04501542209265974	0.01335510024458771	0.7982136551239543	0.09907938793357639	0.04433643460522198
TCGA-D8-A1XU	2	0.31792004978430716	0.004660097968924779	0.46989506328004765	0.20555131899776324	0.001973469968957244
TCGA-D8-A1Y0	2	0.003322302480960153	0.0027369164158717787	0.8405741732523705	0.12145801681010765	0.031908591040690014
TCGA-E9-A1R3	2	0.00400765423417497	0.003400341483940016	0.862663867681279	0.12043577319392916	0.009492363406676873
TCGA-E9-A1N9	0	0.6288755706918057	0.00638805897749992	0.11206404706757711	0.23564624498539613	0.01702607827772118
TCGA-E9-A1NF	3	0.08510700175230732	0.016658924238514127	0.24064905148854154	0.6565749872691764	0.001010035251460627
TCGA-E9-A1NH	2	0.02444438373824305	0.005339542202253491	0.8317569226258766	0.13468870566906727	0.0037704457645594473
TCGA-E9-A1NI	3	0.0009883794618493584	0.003207594364737537	0.5546123553855434	0.43247286796864043	0.008718802819229125
TCGA-E9-A1R4	3	0.04080384993494116	0.013909633481725544	0.5740297175187568	0.3548189731232455	0.016437825941330933
TCGA-A2-A0YK	4	0.011695460279801716	0.006352210421102043	0.8923897540749931	0.06382967012854411	0.025732905095558947
TCGA-AN-A0XU	0	0.9158900933465277	0.03234980584278614	0.000653853630856751	0.04517294710506951	0.005933300074759882
TCGA-AN-A0XV	2	0.027522704846100643	0.016228898619936552	0.6670676317563392	0.2452603391507826	0.04392042562684096
TCGA-AN-A0XW	2	0.005059314987632538	0.0027188251726358217	0.8045770564018516	0.1829268009966246	0.004718002441255453
TCGA-AR-A0TU	0	0.9465863621478524	0.002766819107770443	0.0061522033854263265	0.007500271595387202	0.036994343763563545
TCGA-AR-A0U0	0	0.7608012309008636	0.1502336294335491	0.009512455671344084	0.04032173289737836	0.03913095109686486
TCGA-E9-A1N3	2	0.044250826641357065	0.007035362637195176	0.8037115231240332	0.069670204008847	0.07533208358856766
TCGA-E9-A1RC	2	0.00012941991400038138	0.00458665588050659	0.9037927923493134	0.08986051849999067	0.0016306133561888073
TCGA-E9-A1RD	2	0.007866524955185075	0.002774844876960746	0.8458828376261588	0.0896598276319923	0.05381596490970308
TCGA-E9-A1RE	3	9.797209172397946e-05	0.0030771680445694366	0.2972131117666035	0.6961334990246077	0.003478249072495338
TCGA-E9-A1RF	2	0.047372255844505884	0.03720736713130285	0.7175584842776433	0.18303900629020303	0.014822886456344891
TCGA-E9-A226	3	0.2345872661371697	0.0011488138720287483	0.07312184860281126	0.6868987649222212	0.004243306465769008
TCGA-E9-A227	2	0.01012031059427182	0.008124120848198866	0.8939493747803462	0.05876379908534504	0.029042394691837947
TCGA-E9-A228	3	0.003614525899419097	0.13518438039148348	0.06899678115153382	0.7626349710842695	0.0295693414732942
TCGA-E9-A229	2	0.03052693549010194	0.015940865520939103	0.8517622643680584	0.06628002781273716	0.03548990680816342
TCGA-E9-A22A	3	0.1299750591956342	0.018846591338183134	0.4647042871471673	0.34153021659400873	0.04494384572500663
TCGA-AR-A24X	2	0.010582118359599598	0.008029067475905403	0.8902540119372092	0.05589202549606184	0.035242776731223814
TCGA-AR-A24Z	3	0.028472408878250564	0.011197678925324804	0.11530455177261827	0.8305876310112841	0.014437729412522258
TCGA-AR-A250	3	0.013598562936955532	0.24366637650078654	0.25768376073863464	0.3936137418623523	0.0914375579612709
TCGA-AR-A251	0	0.8097620036535841	0.01607570480116197	2.9839676951023144e-05	0.17391189939266996	0.00022055247563285396
TCGA-AR-A255	2	0.019577500796216514	0.0011423637424896394	0.5255027439126521	0.45226443249432463	0.0015129590543171796
TCGA-AR-A256	0	0.9151930537212797	0.012437769696271136	6.717117466655447e-05	0.0721260634519602	0.0001759419558223326
TCGA-AR-A0U2	3	0.025023865576948235	0.06553813045554602	0.253168577933938	0.6511911520708386	0.00507827396272926
TCGA-AR-A0U3	2	0.012622368529434843	0.0057294502984695335	0.8451927273123783	0.13429555727196948	0.0021598965877478132
TCGA-B6-A0WT	2	0.05938309226733506	0.008419552430092325	0.7185655284843829	0.1793948666880238	0.03423696013016595
TCGA-B6-A0WV	3	0.09630183877997549	0.0009544845509743975	0.24197095755868447	0.6533825293383145	0.0073901897720511905
TCGA-B6-A0WW	3	0.01746604922193179	0.01491527970737847	0.6863820138801864	0.25859599208456996	0.022640665105933468
TCGA-B6-A0X4	2	0.038479912630437034	0.008470386720224038	0.7981266677003923	0.058854813672344304	0.09606821927660246
TCGA-B6-A0X5	3	0.030950149865187463	0.012154129014051157	0.7690042354595096	0.12825978319636147	0.05963170246489019
TCGA-BH-A209	3	0.1990756630760533	0.03143098278613999	0.10502478561060571	0.6166893978986134	0.04777917062858761
TCGA-D8-A1Y2	3	0.014567485360832539	0.005134073769693504	0.8384001890724176	0.10638311014572106	0.035515141651335236
TCGA-E2-A1LI	0	0.8620153784680489	0.0016848148347649063	0.08076940857655758	0.03320805873344966	0.022322339387179094
TCGA-A2-A25B	3	0.1654449072113803	0.005372768847045646	0.03782430403548304	0.786636673838817	0.00472134606727408
TCGA-A2-A25C	3	0.00512901563622149	0.007973942631595652	0.4024231267398061	0.5698189736110869	0.014654941381289706
TCGA-A2-A25E	3	0.19979249124470486	0.020803653173526063	0.44347223240673794	0.22679809355169442	0.1091335296233368
TCGA-A2-A25F	0	0.08377584461464033	0.011017582762359668	0.7538944198875976	0.09493781866329902	0.05637433407210347
TCGA-A7-A26E	2	0.03581256395528211	0.011282524835947142	0.8025719528248824	0.11562738816822989	0.034705570215658385
TCGA-A7-A26G	0	0.753932697694747	0.02050066060099917	0.04862376161174793	0.1287718304165801	0.048171049675925726
TCGA-A7-A26H	2	0.013415692865356968	0.01695328734621879	0.8370423300909406	0.11876351560870987	0.01382517408877374
TCGA-A7-A26J	2	0.00025668123013350354	0.0027398799120839606	0.7473275284107782	0.2420946188840907	0.007581291562913555
TCGA-AR-A24H	3	0.005524179555946173	0.007456973154050303	0.16059234659934082	0.8171071926209221	0.009319308069740526
TCGA-AR-A24K	3	0.22406036997821552	0.009090104796925345	0.42162636977466456	0.28695014830244414	0.05827300714775049
TCGA-AR-A24L	2	0.030618143381807836	0.046692494319199	0.8303071544760503	0.0549256975004819	0.037456510322460924
TCGA-AR-A24M	2	0.07970836145832069	0.005807688956688745	0.7800862777728751	0.0970184564008073	0.03737921541130817
TCGA-E9-A243	0	0.212797422693428	0.03074500910234005	0.6546883517802906	0.09098886604686997	0.010780350377071377
TCGA-E9-A244	0	0.8943342916541626	0.006774870389289112	0.08195851174637217	0.015823571198638364	0.0011087550115378613
TCGA-E9-A247	2	0.009763608764971263	0.005478651140472912	0.7465752427042448	0.22002548490045748	0.018157012489853654
TCGA-E9-A249	3	0.0004687727597188304	0.0018728100092887429	0.7911054692316644	0.1983540053687312	0.008198942630596803
TCGA-AQ-A0Y5	2	0.0025157253498417622	0.11620796510663839	0.6235614063584761	0.2527718143218633	0.004943088863180345
TCGA-GM-A2DN	2	0.03026253443608173	0.007256473872601746	0.8110734463591135	0.06342795454272931	0.08797959078947364
TCGA-GM-A2DM	2	0.037802682985386964	0.009279884456482469	0.8103624874725298	0.06533100633824517	0.07722393874735567
TCGA-AR-A24O	2	0.03941534128705927	0.009110027841292709	0.8141134497272117	0.06582074964422308	0.07154043150021308
TCGA-AR-A24P	2	0.004046120000229349	0.012609267918233007	0.8766381057770662	0.08890607137686911	0.017800434927602228
TCGA-AR-A24Q	0	0.8377175557798824	0.03031407826376137	0.004915590986576862	0.10796573399188028	0.01908704097789915
TCGA-AR-A24R	3	0.00497193767115808	0.005131102369816129	0.4273169323725963	0.5350533396404042	0.02752668794602525
TCGA-AR-A24S	3	0.4715860515250691	0.009861359220042817	0.07717371404523497	0.41220351674659333	0.029175358463059672
TCGA-AR-A24U	1	0.017196548352930392	0.7577710090789788	0.07887931082006026	0.09724295170679984	0.048910180041230746
TCGA-AR-A24V	2	0.0005133365817312535	0.000659237543345252	0.824971520636952	0.1706228256497295	0.0032330795882420157
TCGA-BH-A202	3	0.0030085004966202886	0.11266968928419208	0.3991733680383174	0.4725275841692486	0.012620858011621695
TCGA-D8-A1JJ	3	0.013297165900287676	0.0024307275327805637	0.4238391207280671	0.5549693212514424	0.005463664587422179
TCGA-D8-A1X6	3	0.0006813042300122832	0.0007215761534926485	0.7761863424851242	0.2057153687088885	0.01669540842248231
TCGA-D8-A1X7	3	0.04673131184340778	0.008659918886114134	0.7833415463015245	0.06616393188958304	0.09510329107937057
TCGA-D8-A1X8	2	0.03898931509192271	0.009708525059942444	0.8155681777282815	0.07012023059989647	0.06561375151995688
TCGA-D8-A1XJ	1	0.008351318787498216	0.824219655692707	0.02181647918704378	0.13667917787302505	0.008933368459725907
TCGA-BH-A1FB	2	0.04216725236396503	0.00906706351450673	0.8378732768188194	0.05161956216023488	0.05927284514247405
TCGA-BH-A1FH	2	0.07566017564165707	0.023051242184752744	0.6471551791108545	0.21562233599764005	0.03851106706509563
TCGA-BH-A1FJ	3	0.020244722755871906	0.014919228706431864	0.4824011829817463	0.4283219013404617	0.0541129642154882
TCGA-BH-A1FM	3	0.05181370840434195	0.009116751982046506	0.10646306424753556	0.8248730853221047	0.007733390043971322
TCGA-BH-A203	1	0.2421241478157275	0.5565253861202922	0.0652176263305057	0.12635838799922505	0.009774451734249397
TCGA-C8-A27A	3	0.06831881255235442	0.09721951828130686	0.0040701008102772	0.7667556967620581	0.06363587159400344
TCGA-E9-A1RH	1	0.5088815449561603	0.4281893017528156	0.004189622784713961	0.05510843213297246	0.0036310983733376717
TCGA-E9-A1RI	2	0.0061176526591263086	0.008159198412110897	0.8108306982620749	0.13443100846579709	0.040461442200890915
TCGA-BH-A204	3	0.0019875019767785357	0.04310841325318028	0.46522602273233116	0.48612247417122073	0.0035555878664892517
TCGA-BH-A208	4	0.16744838205848003	0.015952294925211552	0.36970320602887635	0.11113370284135078	0.3357624141460812
TCGA-AC-A2B8	2	0.010421558619236819	0.006503766834899505	0.9052869180573624	0.048639102532822664	0.02914865395567867
TCGA-C8-A26X	1	0.11617860002448446	0.44724427358809443	0.008222897572320196	0.40260016514852726	0.025754063666573682
TCGA-C8-A26Y	1	0.31857662475751936	0.5547558463839085	0.025669870286576676	0.09956745635459613	0.0014302022173994535
TCGA-C8-A26Z	2	0.04263751864110345	0.010974956888797714	0.7221650429228522	0.2064959113982675	0.017726570148978996
TCGA-C8-A273	2	0.042436285514151094	0.004640854756142179	0.7408261364818793	0.16953819212066945	0.04255853112715784
TCGA-C8-A274	3	0.1840460060466962	0.04649959989380575	0.19189964649111557	0.573236844984331	0.004317902584051604
TCGA-C8-A275	1	0.003920598481417246	0.8087656115954014	0.08182869249196227	0.010380176354442034	0.09510492107677704
TCGA-D8-A27E	2	0.03627345700788004	0.0056641885516907796	0.8145118866015589	0.08482992839240848	0.05872053944646168
TCGA-D8-A27F	0	0.7799596929306736	0.019036333338419226	0.15071965287315353	0.04583256399809198	0.0044517568596615775
TCGA-E9-A1R5	2	0.0001934780982778348	0.0031474801181780093	0.7558146053561212	0.2330859131351208	0.007758523292302269
TCGA-E9-A1R7	3	0.003044262596473704	0.01112002175358408	0.4104928693574975	0.5698158830952127	0.0055269631972320295
TCGA-EW-A1PH	0	0.9012216687269012	0.014507411132546028	0.0017965085728885951	0.06487158206625804	0.01760282950140632
TCGA-AC-A2FK	4	0.04033075605707985	0.009452437624047983	0.8064505105459937	0.06252523119742086	0.08124106457545775
TCGA-AC-A2FO	2	0.041635216546223694	0.005566573948897051	0.8769386068078466	0.05817605753302704	0.017683545164005558
TCGA-AR-A2LE	2	0.007843597730043304	0.011826427729926006	0.868714760654613	0.0911970382938788	0.020418175591538863
TCGA-A2-A259	2	0.0655962892610301	0.03267112290190174	0.40469747391284666	0.04274405150875396	0.4542910624154676
TCGA-A2-A25D	2	0.016289824727565107	0.00652168317668124	0.8260156414561536	0.12453521013940727	0.026637640500192683
TCGA-BH-A28Q	2	0.0064882878422490116	0.00639659527220256	0.9058045702850323	0.06064845058339278	0.02066209601712344
TCGA-C8-A26V	3	0.11038058819205757	0.010706669062954479	0.5368084979075108	0.29645069610979213	0.04565354872768516
TCGA-C8-A26W	3	0.022676381823430285	0.12920301234296033	0.09090518512698834	0.7546101366409942	0.0026052840656268536
TCGA-AC-A2FB	2	0.0036237688003435023	0.059099087554125296	0.7792275065880134	0.08872031965872451	0.06932931739879333
TCGA-AC-A2FF	2	0.01871740308451554	0.008388877927356543	0.8371055225290734	0.06882136929285802	0.06696682716619638
TCGA-D8-A27V	2	0.0043602079464171535	0.0017599648379774495	0.8467540199517962	0.12129957124327378	0.02582623602053547
TCGA-EW-A2FS	2	0.042389254951296196	0.010404280648110865	0.7776558756096291	0.1430203637243799	0.026530225066583934
TCGA-EW-A2FW	3	0.00024001029388819365	0.0018796299951017606	0.49906052774480975	0.491407381571369	0.00741245039483119
TCGA-D8-A1XY	2	0.017972399575895952	0.010511255723136563	0.6529144484258751	0.30235781379828797	0.016244082476804457
TCGA-E2-A1LG	0	0.17367065066533538	0.008662644929918117	0.5462063902551447	0.25211143894527516	0.019348875204326522
TCGA-E9-A1N4	2	0.00196359366660049	0.0015916735095946445	0.7668151357453782	0.21644835311341257	0.013181243965014047
TCGA-E9-A1NE	2	0.06235895907084341	0.009238996975808437	0.71455565320475	0.10586601959943563	0.10798037114916254
TCGA-E9-A1NG	2	0.00864993805039948	0.013205441494518928	0.8275834142605486	0.13163167099566778	0.018929535198865085
TCGA-AR-A2LK	3	6.476329248498806e-05	0.0009537232878328162	0.7129823096477217	0.2833866443640634	0.0026125594078970507
TCGA-AR-A2LL	3	0.006078894453000946	0.006198139651690226	0.32759142870050306	0.6581137179586142	0.002017819236191677
TCGA-AR-A2LM	2	0.009569956245172049	0.008301605660203699	0.899072859264042	0.05103139427167525	0.032024184558907036
TCGA-E9-A2JS	3	0.009250221089327474	0.017470481037458508	0.008833831952986785	0.958217011630692	0.006228454289535282
TCGA-GM-A2DD	4	0.16307084975892738	0.03562948018236306	0.04271325121506409	0.11014038638572682	0.6484460324579188
TCGA-GM-A2DF	0	0.8125583191268453	0.007871450461028431	0.03484695231055478	0.12426331837967002	0.02045995972190162
TCGA-GM-A2DK	2	0.09685607233810421	0.019298307222110078	0.753397585990199	0.09082538419411047	0.03962265025547625
TCGA-D8-A27G	2	0.0038719853183547827	0.026707412595549134	0.8885240562601818	0.05855083950277973	0.022345706323134495
TCGA-D8-A27I	2	0.011255801455807814	0.007338877899337264	0.8335585177739399	0.09005166138229113	0.05779514148862386
TCGA-D8-A27K	2	0.04118954588528538	0.00873192296331649	0.7898022863072441	0.05842805622351864	0.10184818862063545
TCGA-D8-A27L	2	0.03366295542112867	0.010695103421840803	0.7821902769735367	0.09409494399178933	0.07935672019170441
TCGA-D8-A27M	0	0.6327152097578207	0.027851058388037513	0.13810076883429215	0.11885981290966706	0.08247315011018252
TCGA-D8-A27P	2	0.009863121898126721	0.008073086299278907	0.892677876697882	0.058749921034109205	0.030635994070603263
TCGA-D8-A1XL	3	0.5320060136313352	0.09694885709246379	0.0874559892180998	0.2719605513555361	0.01162858870256517
TCGA-D8-A1XO	2	0.007700858234864919	0.009235213418718908	0.8033671348078643	0.17276776429000568	0.006929029248546216
TCGA-D8-A1XR	3	0.002282224043999795	0.003007256980515431	0.6067097099895082	0.3734497960939569	0.014551012892019535
TCGA-D8-A1XS	3	0.0018454831692421387	0.017200876083184675	0.6292627013087956	0.3390787997810274	0.01261213965775029
TCGA-D8-A1XV	2	0.01539603582513152	0.005779553446949232	0.799596430870388	0.13867767627503316	0.04055030358249817
TCGA-D8-A1XW	4	0.3615568208358545	0.017668593628289948	0.11933395019886572	0.020056570855282282	0.4813840644817075
TCGA-EW-A1P3	2	0.028455903241798242	0.012150233901096258	0.7953561348821311	0.1156885637399894	0.048349164234985045
TCGA-EW-A1P6	2	0.04475075399189413	0.007960563911583547	0.7494220303627795	0.08897703527978577	0.10888961645395691
TCGA-EW-A1P8	0	0.8954897469656173	0.04971989283325604	0.01287376595162663	0.03608967368214761	0.00582692056735256
TCGA-EW-A1PA	2	0.5868852344854526	0.04234132146326647	0.24406869327462985	0.10117269411840776	0.02553205665824331
TCGA-EW-A1PG	4	0.024420218841920874	0.03801413965318209	0.6020731090503456	0.02076056070777955	0.314731971746772
TCGA-A2-A1FZ	2	0.13599918782168322	0.008050014946284132	0.6965762818036622	0.13267216966758688	0.02670234576078364
TCGA-BH-A1FU	4	0.00994473281093049	0.28653158180548416	0.22719267170417434	0.19482699053443273	0.28150402314497835
TCGA-D8-A27R	3	0.13439914660351354	0.01565005581596322	0.03144231107827939	0.8029261850496182	0.015582301452625572
TCGA-D8-A27T	2	0.00042283298435355217	0.008269793550101915	0.7811285875231024	0.20412697466898883	0.006051811273453287
TCGA-D8-A27W	3	0.005212265989430488	0.0053261882768508954	0.5022856550227396	0.45340894207452576	0.033766948636453395
TCGA-E9-A1R0	2	0.031073872707708238	0.009554900305416305	0.8294804304397775	0.06835186427253363	0.061538932274564265
TCGA-E9-A245	2	0.03366264515024123	0.00863156887961892	0.8214525462074898	0.0628398590320399	0.07341338073061018
TCGA-E9-A295	2	0.0007771268502957994	0.004658633887980648	0.8602539848299521	0.10628153346509839	0.02802872096667313
TCGA-GI-A2C8	2	0.005400634471884364	0.0006671525753243627	0.7442269873380293	0.24435284955731004	0.005352376057451913
TCGA-AR-A2LH	4	0.03745165184617953	0.006276055594131728	0.8121721106623442	0.054038038175712996	0.09006214372163145
TCGA-AR-A2LN	2	0.043509568311011354	0.008586394357045312	0.7901240508690939	0.06260641732546549	0.09517356913738387
TCGA-AR-A2LO	2	0.027229816844715336	0.013503012612517174	0.8111290350629813	0.10239585411458903	0.04574228136519726
TCGA-AR-A2LQ	4	0.047284706697511586	0.007616430290024711	0.7860751632262427	0.06202964902730963	0.09699405075891135
TCGA-BH-A2L8	2	0.0115451278745754	0.003986099096346472	0.8420919347372872	0.07813978801644231	0.06423705027534865
TCGA-B6-A2IU	2	0.014309434472281078	0.01350355742594476	0.8149216408813224	0.13962488418934135	0.017640483031110515
TCGA-GM-A2DB	1	0.40705637566879854	0.18824172877184261	0.32695547379707973	0.04495047864066755	0.032795943121611576
TCGA-GM-A2DC	2	0.0019544464139181635	0.0018223706042603926	0.5285193012878192	0.44620183408801944	0.021502047605982892
TCGA-A7-A3J0	2	0.05831190591355304	0.026405849682472	0.7001939248028493	0.09196179655350666	0.1231265230476191
TCGA-A7-A3IZ	2	0.00045271922164317205	0.001973468900515051	0.7032373293816521	0.29330388815650943	0.001032594339680267
TCGA-A7-A3J1	2	0.0014106339932611583	0.0026751320222703607	0.5175293640980746	0.46423100443417054	0.014153865452223552
TCGA-AC-A3HN	2	0.0028424290463781327	0.004446377615466301	0.9045948472265263	0.06900964717117768	0.019106698940451465
TCGA-E9-A3HO	3	0.00014854538009804774	0.0008578142649675951	0.41818076996419495	0.574272038409636	0.006540831981103352
TCGA-A7-A2KD	3	0.0010985722842054321	0.1544535602758138	0.016706562504481236	0.8252268171610553	0.002514487774444366
TCGA-A7-A3IY	2	0.025956153927544648	0.009274266216243176	0.8361137854043036	0.07772466851260484	0.05093112593930369
TCGA-AC-A2BK	0	0.8454038594343715	0.12630871760208842	0.00012583642531230802	0.013777001588582754	0.01438458494964507
TCGA-C8-A3M7	2	0.02711683740147421	0.011867806527063334	0.8121875540270677	0.05490731676326651	0.09392048528112829
TCGA-B6-A0I1	0	0.6963088073909837	0.015046395112450211	0.15352615216652687	0.10297942881372098	0.03213921651631831
TCGA-E9-A3Q9	2	0.027388070150365217	0.0053183848708328015	0.8130695691948064	0.09132028501126971	0.0629036907727258
TCGA-EW-A2FR	1	0.007103614681616391	0.7816396317824261	0.07610118535146902	0.10249613969050933	0.03265942849397911
TCGA-GI-A2C9	0	0.7789440131713466	0.0015543525998014836	0.0008171834436504716	0.2178593402169526	0.0008251105682487966
TCGA-GM-A3NY	2	0.010558045068958029	0.008411894689411796	0.8936209047234006	0.05723700536165572	0.03017215015657377
TCGA-GM-A2DL	2	0.03731572789309001	0.004320651928212264	0.7718186057593102	0.15420719291844373	0.03233782150094384
TCGA-GM-A2DO	3	0.02788156919758044	0.011709505140642703	0.8086257323521697	0.06678383738873425	0.08499935592087292
TCGA-HN-A2NL	0	0.7975502337968404	0.09831418832774746	0.013781312660549746	0.08970062015058708	0.0006536450642752338
TCGA-A2-A1G6	4	0.038965960467805705	0.009197904893815624	0.8097243755825304	0.06423204580863841	0.0778797132472097
TCGA-E2-A1B6	0	0.15085234428972824	0.01266384529971892	0.710186431130707	0.06332958035523763	0.06296779892460813
TCGA-A7-A13H	2	0.0026064432085659236	0.011069055962207613	0.8876425404878211	0.07368184592133195	0.025000114420073345
TCGA-E2-A2P6	2	0.004811275550590088	0.006386309658953013	0.9235011831087212	0.056756301219578684	0.008544930462156998
TCGA-A2-A0CO	2	0.003544497791938564	0.004863731970929363	0.8952009441421138	0.07204248752813379	0.024348338566884425
TCGA-A7-A3RF	2	0.03553675963146005	0.008453094585060975	0.8037560652027842	0.05959569914640245	0.09265838143429235
TCGA-E2-A14U	2	0.030805123520698387	0.010765268297756272	0.855281742407179	0.03711255748463139	0.06603530828973511
TCGA-E2-A2P5	2	0.0007149875231532662	0.0005537851223414399	0.7714236705262135	0.22610820243448201	0.0011993543938098078
TCGA-A2-A0EP	2	0.03221960977706325	0.007457312078853472	0.8163009156702636	0.06077784274727712	0.08324431972654263
TCGA-A2-A3XS	0	0.8587992522322782	0.12968756658430963	0.00026190375322234476	0.0055321906649048016	0.005719086765285186
TCGA-A2-A3XT	0	0.8469726863616491	0.012217907457169375	0.058972971798519076	0.007962484098252055	0.07387395028441028
TCGA-A2-A3XV	1	0.016395497437459116	0.16294480237899336	0.4283188466405221	0.29797787195803255	0.09436298158499301
TCGA-A2-A3XX	0	0.48942277865858314	0.04420300558674312	0.2970166163336802	0.04664565490484473	0.12271194451614888
TCGA-A2-A3XW	4	0.03338922005280618	0.006938757915921783	0.6980492894017241	0.09515860863354902	0.166464123995999
TCGA-A2-A3XY	0	0.5822525955786344	0.034969134175370384	0.22766238465595848	0.10022198890580292	0.0548938966842338
TCGA-A2-A3XZ	1	0.015620305677154821	0.7318875959565458	0.08124576078923429	0.09568719249790467	0.07555914507916026
TCGA-A2-A3Y0	0	0.9223587028957917	0.014334805807020764	0.05620756183140845	0.004655342821435435	0.002443586644343673
TCGA-AC-A3QP	2	0.009685262662609837	0.008044209480125684	0.8919259121226666	0.0563874184545519	0.033957197280046036
TCGA-A7-A426	2	0.012172473803165794	0.0056465888756392765	0.8565346762269398	0.08881562750084572	0.03683063359340939
TCGA-AC-A3YJ	2	0.04519223978962669	0.009059885567866554	0.7832600118485461	0.06439835890214614	0.09808950389181452
TCGA-B6-A401	2	0.049309620652685224	0.010422456629564874	0.7848133612461115	0.07904440554019024	0.07641015593144822
TCGA-B6-A400	0	0.8404992956342968	0.11266420244043779	0.006792431003810457	0.03357844174068574	0.006465629180769284
TCGA-B6-A402	0	0.7980024961280059	0.1341197051810912	0.004849358725349139	0.015152883036216664	0.04787555692933699
TCGA-B6-A408	2	0.0021581816225522614	0.002881911677912738	0.7934334846572565	0.195216308064174	0.006310113978104454
TCGA-B6-A40B	2	0.0005175606105089944	0.002064062308363934	0.7433434361412818	0.24487809485672135	0.009196846083124028
TCGA-B6-A409	0	0.7625753511511796	0.005859612160823236	0.11042611024392303	0.010676961530312641	0.11046196491376131
TCGA-B6-A40C	2	0.010797488397098638	0.007757896981062033	0.912493201975985	0.04721960874896447	0.021731803896889633
TCGA-BH-A42T	3	0.010518705374611751	0.019560816339000676	0.332039305341597	0.6364607790766253	0.001420393868165268
TCGA-D8-A3Z5	2	0.01230258890801727	0.00824298833354361	0.8885498098367783	0.05462305082660702	0.03628156209505375
TCGA-BH-A42V	2	0.030399113069349983	0.008388022715777205	0.8045443254028883	0.05599905483434294	0.10066948397764164
TCGA-E9-A3X8	2	0.014821025598993091	0.005035470673484311	0.8163947454324052	0.10760289745608068	0.05614586083903676
TCGA-LL-A441	4	0.39008073634509116	0.0044784165305113205	0.2495757630451954	0.05494524177667654	0.3009198423025255
TCGA-AC-A3YI	4	0.03688070397691614	0.013223615178356489	0.7545171256610975	0.09830578963087015	0.09707276555275954
TCGA-B6-A3ZX	0	0.5877538019417738	0.030967306780369228	0.2618839124666973	0.06416707485614782	0.05522790395501175
TCGA-A2-A0CK	2	0.009263820414936121	0.005718473951749266	0.8769532500117072	0.08202895856313422	0.02603549705847324
TCGA-A2-A0CR	2	0.04391646874389707	0.0077036862126616465	0.8105031345969927	0.0657282830689201	0.07214842737752843
TCGA-AC-A3TM	2	0.007990844578750999	0.009043282258074584	0.8441617571850589	0.09718101192807233	0.041623104050043165
TCGA-AC-A3TN	2	0.028105663718382513	0.006684156721736991	0.7743785062538537	0.12786652721050665	0.06296514609552022
TCGA-AC-A2FE	2	0.021895787373902475	0.010780746419542526	0.7673506452722282	0.061014371889494455	0.13895844904483237
TCGA-AC-A2FM	2	0.00022154358070714905	0.005716181818972875	0.5478962839633212	0.43733266696995804	0.008833323667040642
TCGA-AC-A2QI	2	0.010976338656781515	0.004783941132378417	0.8424286140267995	0.11869157701899301	0.023119529165047552
TCGA-AC-A2QJ	0	0.3330541347612286	0.00708044388139052	0.3944140806213401	0.2342968593842182	0.03115448135182247
TCGA-AC-A3EH	2	0.0004977872699620465	0.001961454747429137	0.8320738285184973	0.16072018673182045	0.004746742732291137
TCGA-AC-A3BB	2	0.03228002262730675	0.008985796867495942	0.8140261812475384	0.09923434505950059	0.045473654198158235
TCGA-AC-A3W5	1	0.000479975593633375	0.8334725848576929	0.07811599790485446	0.07594734587943354	0.011984095764385713
TCGA-AC-A3W7	2	0.013592240745464185	0.005956183451092862	0.9039067478342088	0.06188903919176115	0.014655788777473143
TCGA-AC-A3W6	2	0.034625349272694554	0.004958625308825619	0.8266796988722734	0.0886588915143329	0.045077435031873496
TCGA-AR-A2LJ	2	0.006369008979154349	0.08748642670611381	0.6219518322786591	0.16868262478070412	0.11551010725536856
TCGA-AR-A1AM	2	0.01689998731319712	0.006072724666766158	0.829863391256587	0.08031811681189777	0.066845779951552
TCGA-BH-A0B6	2	0.06263680430227551	0.019710353529934044	0.4466894287506948	0.4496265797276181	0.021336833689477593
TCGA-E2-A107	2	0.0008285349867881605	0.0018464999647335113	0.6776419345766814	0.3100868859917142	0.00959614448008268
TCGA-EW-A423	2	0.0005250883230791711	0.0008923230728555264	0.8631909860439002	0.1307174261758623	0.0046741763843027645
TCGA-EW-A424	2	0.0028879317797112984	0.01130724172627406	0.6937985547437931	0.28414141129723847	0.007864860452982965
TCGA-GM-A3XL	0	0.8310555294512236	0.008613561158382155	0.15093536588898543	0.004612011586553208	0.004783531914855746
TCGA-GM-A3XN	2	0.010942844484636139	0.004751606494698284	0.8680313833239051	0.07182106477836803	0.04445310091839251
TCGA-LL-A440	2	0.03678911268147348	0.00904461221744103	0.7891670406902744	0.07492331857353265	0.09007591583727827
TCGA-JL-A3YX	2	0.004847159736207264	0.01412534474557096	0.8540545766457031	0.11217418398548785	0.014798734887030833
TCGA-E2-A1LE	1	0.02223688649322414	0.9190849995166208	0.002929299383995356	0.01985252510964604	0.03589628949651372
TCGA-E9-A3QA	0	0.6883831180089668	0.007021995147538389	0.20765551236221014	0.0612425862862858	0.03569678819499896
TCGA-EW-A3U0	0	0.8392885130281589	0.0046748720606576925	0.0012456277901740334	0.12066346901533297	0.03412751810567644
TCGA-D8-A4Z1	2	0.03435328745044728	0.008321185931590976	0.8067367763831105	0.05974245258293761	0.09084629765191365
TCGA-A2-A4S2	2	0.0002579293581606383	0.0005466744802039771	0.8200900838375846	0.17340088938786138	0.005704422936189279
TCGA-A7-A4SF	1	0.03334731310106212	0.7283616807304717	0.003578550567116792	0.2080772201535867	0.026635235447762584
TCGA-AQ-A54O	3	0.03281194953626893	0.006404259484335187	0.33309074886193246	0.6064735479104909	0.02121949420697248
TCGA-AQ-A54N	0	0.9168136051425241	0.0037331124481434475	0.0024632528570064857	0.07239229572932802	0.004597733822998154
TCGA-LL-A50Y	2	0.011199134699071635	0.00816864874087682	0.8978052291382453	0.048839886251066916	0.033987101170739255
TCGA-A7-A4SB	2	0.12783110104180018	0.008556550629703558	0.8464745846080167	0.01652267547864471	0.0006150882418350885
TCGA-A2-A4RX	0	0.014641456389464642	0.0024991856995921287	0.844029323952219	0.12305505083196491	0.01577498312675929
TCGA-E9-A54X	3	0.005242621341375207	0.0010075413153817995	0.6683449071717008	0.2822361752393258	0.043168754932216356
TCGA-A2-A4RY	4	0.03579252878367431	0.008398767078065528	0.7753243544931328	0.07676905503936414	0.10371529460576319
TCGA-A2-A4S0	2	0.03767825158379754	0.008643165645255716	0.8006034267087332	0.05886985669445688	0.09420529936775662
TCGA-A7-A4SD	0	0.898160801027163	0.008725143510548782	0.017094981694931326	0.052454028484948644	0.023565045282408006
TCGA-LQ-A4E4	2	0.016819183130400584	0.003620005034266072	0.8807958743707665	0.09078403532631334	0.007980902138253605
TCGA-A7-A4SA	2	0.25257461912617474	0.010737164823946958	0.7015160895788752	0.03042399927350424	0.004748127197498633
TCGA-MS-A51U	2	0.024051684680297388	0.00402534450909471	0.8568721008439113	0.05052576513634956	0.06452510483034711
TCGA-A7-A5ZV	0	0.972149098724843	0.026290040857530988	0.00041264737542122783	0.001043830209369375	0.0001043828328355487
TCGA-AC-A5EH	1	0.005237335363675783	0.040904762622836266	0.6354539509148059	0.30576569801717507	0.012638253081506921
TCGA-AC-A5XU	2	0.05853850495647376	0.011127218300582253	0.6271745088601347	0.2671677161996429	0.035992051683166146
TCGA-AR-A5QN	2	0.011023074238022873	0.006038722276557237	0.800464641908687	0.16801778656214367	0.014455775014589294
TCGA-E9-A5UO	3	0.006681197103291857	0.028798860536994035	0.19472010477112597	0.7613486441959159	0.008451193392672297
TCGA-AR-A5QP	2	0.057018664842029665	0.0024814170424893077	0.7994463578766888	0.09229079116076648	0.04876276907802569
TCGA-OL-A5RY	4	0.010976302973896047	0.4344949399420147	0.06379370865254679	0.010344988850902181	0.48039005958064035
TCGA-LL-A5YO	1	0.3347184877947871	0.20106634254493638	0.308034001401473	0.06429551092634318	0.09188565733246028
TCGA-LL-A5YP	0	0.8578140278073275	0.05467781264053614	0.00554931287363939	0.06647963849829246	0.015479208180204545
TCGA-OL-A5RX	2	0.09015821250237592	0.00906683284729382	0.7472885979642829	0.04010887460501752	0.11337748208102978
TCGA-OL-A5RZ	1	0.0054882171337931225	0.8115615343143187	0.005422424321838113	0.17171343837924394	0.005814385850806296
TCGA-OL-A5RV	2	0.008989202383451094	0.007737524203069404	0.8650945768268637	0.07901127882908261	0.03916741775753307
TCGA-OL-A5S0	0	0.8965713803148588	0.021559460859705993	0.07560073777264527	0.0031783270055183582	0.0030900940472715845
TCGA-A7-A56D	2	0.0927619264172698	0.0015794443530553195	0.8010025112399084	0.09777187473316055	0.006884243256605992
TCGA-AR-A5QM	2	0.0029189973960321806	0.0010145287758843698	0.8482242989503164	0.10738011323502024	0.04046206164274689
TCGA-E9-A5FK	2	0.01637364847665999	0.009140375909014805	0.8151729341318339	0.10829953919786668	0.051013502284624514
TCGA-BH-A5J0	2	0.21161125526552185	0.0200133777001574	0.5710370774070909	0.18759460433460204	0.009743685292627847
TCGA-E9-A5FL	0	0.6936082277283584	0.045998203980085646	0.0793781636301076	0.07525266818875812	0.10576273647269008
TCGA-LL-A5YN	2	0.036739300257703895	0.059188446272930205	0.5415072890323751	0.28516115417910315	0.07740381025788784
TCGA-OK-A5Q2	2	0.007527038130128338	0.012113798920660815	0.8838510051084506	0.06735460726898694	0.029153550571773188
TCGA-OL-A5D7	0	0.8934144189469642	0.03389050378640078	0.002814196873855627	0.03594931814109653	0.033931562251682916
TCGA-OL-A5D8	2	0.05073317599065049	0.012915084866013631	0.889524893599409	0.029594212579162706	0.01723263296476418
TCGA-OL-A5DA	2	0.017557093003854607	0.01152960988644521	0.7940345727602783	0.15103021449716983	0.02584850985225192
TCGA-OL-A5RU	2	0.04213281152067932	0.008572496571558853	0.7925850285643413	0.0587187365714866	0.09799092677193397
TCGA-PE-A5DC	2	0.035396415362649127	0.011611040420509231	0.8497490527187807	0.07425106496228707	0.028992426535773906
TCGA-PE-A5DD	2	0.02701264068358267	0.001966378556558564	0.852209818041482	0.09771597532202267	0.0210951873963542
TCGA-BH-A5IZ	0	0.7971478867837866	0.07504863559235374	0.11001477431810039	0.013883305075475597	0.003905398230283643
TCGA-HN-A2OB	2	0.024853657186715845	0.01093918916621143	0.7666764369517347	0.09939773448326	0.0981329822120781
TCGA-A7-A5ZW	2	0.04372345720455094	0.008354701742907533	0.791674755403612	0.057106187611847964	0.09914089803708166
TCGA-A7-A5ZX	2	0.03288668376297297	0.006697268884472175	0.790781921500164	0.0866592149846556	0.08297491086773517
TCGA-AC-A5XS	2	0.009890386829141956	0.007565099307077336	0.8941718286742869	0.062453536530341164	0.025919148659152576
TCGA-AC-A62X	0	0.8965727752089712	0.004608344852717209	0.015242722143187344	0.0753193045457078	0.00825685324941647
TCGA-E2-A56Z	3	0.0019904777414753738	0.0030569149439135623	0.3565546438325676	0.6098282303013073	0.028569733180736183
TCGA-E2-A574	0	0.7520291992478229	0.22148510727595783	0.000484741054132696	0.020211201689398196	0.0057897507326883264
TCGA-OL-A66J	2	0.11169825790750564	0.02419750216650963	0.6929612409537462	0.09447463604382028	0.07666836292841821
TCGA-OL-A66I	0	0.7314576507386485	0.012638734476117571	0.13975694129385877	0.06344900579184296	0.052697667699532276
TCGA-OL-A66K	2	0.004598506739760708	0.01440919104996449	0.8545719333118054	0.10960570779078467	0.01681466110768469
TCGA-OL-A66H	2	0.04297259827941837	0.008702789694264204	0.7903467523114392	0.058420061924917804	0.09955779778996043
TCGA-E9-A1NC	0	0.7819600080383621	0.012096915898606916	0.10024550751155979	0.10020773661227449	0.005489831939196721
TCGA-AC-A62V	3	0.21088222914778212	0.005114235206083738	0.6558382999630779	0.07602028135370273	0.052144954329353475
TCGA-E2-A576	2	0.004123782545675611	0.027233317301749334	0.5718301845322895	0.3782892044909594	0.018523511129326133
TCGA-E9-A6HE	2	0.013406113002225762	0.011848407295736867	0.910905215992333	0.04259258881736345	0.02124767489234088
TCGA-LL-A6FR	0	0.7652143490077917	0.022140054587505096	0.032349747023619646	0.17030965868547238	0.009986190695611002
TCGA-OL-A66O	2	0.01854037141277938	0.010670129025789548	0.7205411414752135	0.21330463968618404	0.03694371840003362
TCGA-OL-A66L	2	0.009682871616801581	0.007989163798423045	0.8944902538515433	0.06146919818373158	0.026368512549500626
TCGA-EW-A1IZ	2	0.04631449232249071	0.008830984633289147	0.7836164482758206	0.06274281706794327	0.09849525770045633
TCGA-E9-A1RG	3	0.00019247404931742313	0.0007231966639599336	0.31905161846571706	0.6788581311723518	0.001174579648653772
TCGA-EW-A6SA	3	0.039560756314281076	0.002134736253449637	0.1887047416434349	0.7600639853103411	0.009535780478493126
TCGA-EW-A6SB	0	0.5888102814354378	0.010758004115641632	0.3038556578639536	0.018296402344811894	0.07827965424015516
TCGA-LL-A73Z	4	0.06555326802595912	0.005595222034793414	0.5507190738292397	0.06433732905534588	0.3137951070546619
TCGA-LL-A740	2	0.037776247470047465	0.011257710202580687	0.7676402256022272	0.06895213344049998	0.11437368328464466
TCGA-AC-A6IX	2	0.11216778578089488	0.008531219522681228	0.7806012923160041	0.06600233123136322	0.03269737114905663
TCGA-BH-A6R9	4	0.017451549645245836	0.00645648709332631	0.7385459853304177	0.14358276270234865	0.09396321522866152
TCGA-S3-A6ZG	2	0.001756183636742968	0.007589534272886743	0.7473575621527497	0.22420719747805654	0.01908952245956424
TCGA-S3-A6ZH	2	0.002061913511566869	0.002482957243319058	0.42120947395915914	0.5731208823926343	0.0011247728933207026
TCGA-AO-A0JB	4	0.3092537718852304	0.028311118314174273	0.0026345691665109754	0.03833155303310547	0.6214689876009789
TCGA-A7-A6VV	0	0.9067325597346039	0.02451641519348761	0.002186739563906377	0.052112428743717236	0.014451856764284753
TCGA-A7-A6VW	0	0.924164266581801	0.061608966498182226	0.004735874579831971	0.002360526338410763	0.007130366001774048
TCGA-AC-A6NO	2	0.016406543469304948	0.008473043067369759	0.8792283034702307	0.057015110370188166	0.0388769996229065
TCGA-EW-A6S9	2	0.020208230818003586	0.12664483205342633	0.7499989901728397	0.08723934135283985	0.01590860560289066
TCGA-D8-A73U	2	0.025942463498198384	0.008517080529539372	0.7380550656578347	0.18527700316623563	0.04220838714819183
TCGA-EW-A6SD	1	0.01704963386343835	0.6679392128459731	0.019573509811817113	0.2907541411936801	0.0046835022850914305
TCGA-A7-A6VX	3	0.2260464793223793	0.000916203069821057	0.04886003648011861	0.7235059304083234	0.000671350719357542
TCGA-LD-A74U	2	0.020338317232278746	0.003940626484200393	0.8485388485189265	0.08541165068124427	0.04177055708335014
TCGA-OL-A6VR	2	0.03637247709704006	0.008188040929499991	0.8328549602861693	0.05405261923879778	0.06853190244849271
TCGA-AC-A6IV	2	0.028416169801597217	0.00859314545461079	0.8065101321959751	0.06711215606581475	0.08936839648200211
TCGA-AC-A6IW	0	0.8427738910378155	0.027860488871182948	0.04989023202079751	0.05117997911648896	0.02829540895371514
TCGA-LL-A73Y	0	0.8274580494093091	0.013412730639974139	0.08026814040619114	0.06894613258105103	0.009914946963474669
TCGA-V7-A7HQ	2	0.03632781960568246	0.013133161773024553	0.7811335400612597	0.07169443892842098	0.09771103963161235
TCGA-BH-A8G0	2	0.039949009374819225	0.011236519294975959	0.8062347097333087	0.05732549848206495	0.08525426311483111
TCGA-D8-A73W	2	0.0029869543757363227	0.00851305197638368	0.7913119705800805	0.1812525440095115	0.01593547905828796
TCGA-LL-A7SZ	2	0.011855327500873357	0.0037848749979048925	0.8464466085551652	0.08652849739934049	0.051384691546716044
TCGA-LD-A7W6	2	0.03734787521420919	0.008608273097945228	0.8226990228484565	0.05938680218132968	0.07195802665805945
TCGA-LL-A7T0	3	0.08147565024803466	0.017647603856805694	0.037229921898488144	0.8412830222528352	0.022363801743836318
TCGA-AC-A7VC	0	0.28853216574398927	0.008774506522407901	0.6082448964650632	0.058022208080283445	0.03642622318825621
TCGA-AC-A7VB	3	0.005869770102289181	0.026814008145508796	0.3966755990151597	0.5531968502577898	0.017443772479252575
TCGA-BH-A8FZ	4	0.010956597753722609	0.06484341232879622	0.395955966965281	0.07562340193223432	0.4526206210199658
TCGA-BH-A8FY	2	8.238578588701655e-05	0.00017403837524548112	0.8272613031990306	0.16810442149446816	0.004377851145368613
TCGA-XX-A89A	2	0.005925239349430235	0.001399323593208927	0.7444725014563145	0.22119547204859683	0.027007463552449453
TCGA-C8-A8HP	1	0.0029126652871565135	0.7144351547372317	0.09011189407478415	0.18619057748522239	0.006349708415605135
TCGA-LL-A8F5	0	0.8996399135259935	0.011178832052012033	0.0019226918473606283	0.08365295320241714	0.0036056093722166794
TCGA-AC-A8OP	2	0.0009918802325032505	0.004769523496797744	0.8798785062941367	0.09385536448683718	0.020504725489725248
TCGA-XX-A899	2	0.00443236818345168	0.0062023531423971556	0.8318693956070128	0.13849618478086761	0.018999698286270756
TCGA-W8-A86G	2	0.002314130327987923	0.0036407661894864315	0.8930678038339106	0.08781345965127055	0.013163839997344488
TCGA-PL-A8LZ	0	0.8380006804434045	0.010773969497645359	0.055855746683677744	0.025129220066142478	0.07024038330912984
TCGA-3C-AAAU	2	0.0036422184959110696	0.0020140928245306294	0.8016069665951442	0.1866935070221585	0.006043215062255635
TCGA-AC-A4ZE	2	0.014681046110685526	0.01385720752937809	0.8609433985453001	0.10022518252398294	0.010293165290653316
TCGA-S3-AA10	0	0.927619403478357	0.002370474903458683	0.007740443750013813	0.059261229875155134	0.0030084479930151745
TCGA-LD-A9QF	4	0.004442600324527106	0.1987745654629247	0.23316703491402802	0.104433110969017	0.45918268832950315
TCGA-WT-AB41	2	0.3500920561387542	0.048951348928629276	0.38446582796971585	0.17360768397783763	0.042883082985063076
TCGA-3C-AALI	1	0.018273763002136737	0.7450691771394833	0.000464776976699908	0.21899456470994083	0.017197718171739387
TCGA-S3-AA11	2	0.04360696595638548	0.008722646869833659	0.8088050889258133	0.04975439536386863	0.08911090288409901
TCGA-LL-A9Q3	2	0.00582474878537098	0.004451161343064562	0.7486510797115856	0.21054077228047535	0.03053223787950364
TCGA-WT-AB44	2	0.002481545651303717	0.009492459237145647	0.795368695650592	0.18420379865291336	0.008453500808045161
TCGA-3C-AALJ	3	0.01993227231601684	0.22503664603308876	0.02887759667956318	0.7128838340055884	0.013269650965742728
TCGA-AC-A8OR	2	0.03642326519772092	0.009474171912846083	0.7828086064668155	0.10073219732149985	0.07056175910111763
TCGA-S3-AA12	2	0.011313018459295276	0.018371213781778122	0.8471418630032764	0.09301327877973667	0.030160625975913558
TCGA-OL-A6VQ	2	0.011302993590233864	0.008362659403098003	0.8961113504589526	0.05402810287672098	0.030194893670994528
TCGA-Z7-A8R5	2	0.0012410756457556247	0.00421293357279915	0.8665313993095582	0.10465748410887564	0.023357107363011432
TCGA-S3-AA14	2	0.005882405640299454	0.22218497196719422	0.5893335503757366	0.16423852914487305	0.018360542871896604
TCGA-OL-A97C	4	0.016947156694272488	0.0009026341594986472	0.2948972432486107	0.1481360084403712	0.539116957457247
TCGA-AC-A8OS	2	0.009051291940836061	0.01103709678476364	0.843560728532143	0.10665967835219545	0.02969120439006172
TCGA-4H-AAAK	2	0.0017410462830425542	0.0034570153908093006	0.8499138354107524	0.13275107604588154	0.012137026869514327
TCGA-BH-AB28	2	0.010648442576875205	0.009707757372760582	0.9027916119500239	0.05486406828231413	0.021988119818026182
TCGA-S3-AA15	0	0.12879676954224653	0.008222319020028524	0.7092040459705119	0.07400482981556211	0.07977203565165097
TCGA-PL-A8LV	0	0.9174425208159087	0.050878950849027126	0.010163667032308128	0.0038399541224635116	0.017674907180292503
TCGA-S3-AA17	3	0.11891668604062915	0.0018674343304211354	0.41519034717073083	0.425583240196597	0.038442292261621894
TCGA-PL-A8LX	2	0.00867544023291587	0.00941979010228806	0.7946428410803555	0.14205966640874293	0.04520226217569776
TCGA-PL-A8LY	4	0.0860358747476286	0.036797379968890265	0.14380099887125652	0.022082361909475743	0.7112833845027489
TCGA-5T-A9QA	3	0.02216005896075613	0.0027710440615861306	0.1756888808693656	0.7679143213929946	0.03146569471529745
TCGA-5L-AAT1	2	0.052986557959658745	0.04006174688397488	0.8103055486448081	0.010636147421681947	0.08600999908987625
TCGA-E2-A9RU	3	0.03502481759941907	0.0038692317938158137	0.11193884394358389	0.8467704932501241	0.0023966134130569854
TCGA-S3-AA0Z	0	0.8069899791826824	0.0005479412456189289	0.0659493676905529	0.1256299209518362	0.0008827909293095434
TCGA-UU-A93S	1	0.021707956555240358	0.9219538348623423	0.000841611564538383	0.03774181542292395	0.017754781594954916
TCGA-E9-A54Y	3	0.00041222655501318273	0.006663496693799501	0.45607147663844433	0.5298583778538959	0.006994422258847127
