sample_id	label	num_0_0	num_1_0	num_2_0	num_3_0	num_4_0
TCGA-A1-A0SE	2	0.09670019610792553	0.002783529863790244	2.8417543138001164	0.048439053621050714	0.010322906607116785
TCGA-A2-A0SU	2	0.009072055452800144	0.008412219153663166	2.891624883221418	0.0680589944224308	0.02283184774968774
TCGA-A2-A0T2	0	2.970386471799028	0.02276605062264319	0.0026728104029086572	0.0003182214510431666	0.0038564457243767908
TCGA-AR-A0TV	3	0.15225810570286072	0.09546811714159244	0.002771548272562675	2.7384273169844873	0.011074911898496695
TCGA-B6-A0RM	2	0.03939329214696227	0.009161893347899039	2.7873458481333184	0.0596352573492525	0.10446370902256735
TCGA-B6-A0RN	2	0.010528312810906033	0.008845743752090473	2.9056663768706104	0.05157852183130769	0.02338104473508555
TCGA-BH-A0DH	2	0.01112441519371953	0.007757526923081921	2.7986531663800274	0.1757921965718021	0.006672694931368705
TCGA-BH-A0DQ	2	0.03488831790937129	0.00682146011675598	2.6394820040676272	0.3066601637559162	0.012148054150329076
TCGA-AO-A0JJ	2	0.079985042088101	0.007492498251399804	2.7826382559843332	0.06343238855780357	0.06645181511836201
TCGA-AO-A0JL	0	2.6644349332820587	0.06077546336227617	0.0012094370229355053	0.20850293873494508	0.06507722759778443
TCGA-AO-A0JM	3	0.0014905935057879774	0.1134552176622129	0.19056383715410072	2.6439053033954454	0.05058504828245284
TCGA-B6-A0RE	0	2.9604357257594174	0.009465701764260061	0.004143194436974827	0.01593332913678694	0.010022048902560613
TCGA-B6-A0RI	2	0.005847767123427066	0.006300103388901824	2.8430490535327757	0.13134212435215512	0.013460951602739791
TCGA-BH-A0AW	1	0.022233604130781542	2.758930241299109	0.034002106584275354	0.15752136720767318	0.027312680778160858
TCGA-BH-A0B3	0	2.8813783955921672	0.00610802747885699	0.08968245058356898	0.005915995455244653	0.016915130890161462
TCGA-BH-A0BA	2	0.0003694388747995114	0.0005675651087744957	2.6938480549515464	0.30194884108024733	0.003266099984631929
TCGA-A2-A0CT	2	0.000288088259093375	0.005637093703928568	2.5579021486712117	0.4336770176505856	0.00249565171518077
TCGA-A2-A0EU	2	0.0007381730899847318	0.0023005677718287514	2.749875725578801	0.2193489129978149	0.027736620561570183
TCGA-A8-A08O	2	0.005355614060491883	0.0027072231143762835	2.6964419463860407	0.2703235255349721	0.025171690904118832
TCGA-AO-A03L	2	0.006831041479475936	0.004629343095007757	2.6907481872778742	0.2892907177560178	0.00850071039162398
TCGA-AO-A0JA	2	0.004247781420584937	0.027920701984388768	2.7474802024790623	0.1759867569564706	0.04436455715949328
TCGA-AO-A0JC	2	0.0258939661224658	0.006664794766084705	2.7674216060156427	0.104277819575207	0.09574181352059921
TCGA-AO-A0JF	2	0.03346185906673804	0.008899870248160285	2.8134281383218838	0.06346325891959127	0.08074687344362606
TCGA-AO-A0JI	2	0.005013939468011308	0.015141264509960074	2.4015937065378967	0.576416134238404	0.0018349552457278162
TCGA-BH-A0BM	2	0.045858855497011575	0.007014134578357768	2.8080836355015792	0.07627224677616247	0.06277112764688904
TCGA-BH-A0DK	2	0.010297350089125705	0.0076021476554683255	2.7412448525711977	0.22722943103304222	0.013626218651166191
TCGA-BH-A0DP	2	0.004054092252339856	0.00399852015478716	2.8960289540532527	0.07220087530340659	0.023717558236213715
TCGA-BH-A0DS	2	0.03703792119709419	0.001951145642291227	2.8150093706997596	0.13320955576236249	0.01279200669849191
TCGA-BH-A0E2	2	0.009947265139855608	0.001847385692660658	2.777381084890789	0.19769488617431769	0.013129378102376486
TCGA-BH-A0GY	2	0.23801993223038986	0.0032940638047843475	2.677254391149297	0.019384950300880503	0.06204666251464795
TCGA-BH-A0H0	3	0.010920918563090317	0.009667093184187896	0.8987709605748219	2.0679039183537538	0.012737109324145526
TCGA-BH-A0H6	2	0.08365669621224564	0.0083815975036229	2.743097115068052	0.08586440653963125	0.07900018467644788
TCGA-BH-A0H9	2	0.0017782518434604198	0.0028639541759063205	2.924588034705165	0.0506757161888046	0.02009404308666352
TCGA-BH-A0HB	2	0.038976671783624274	0.001459433113866286	2.7043345173188653	0.2512293101098485	0.004000067673795519
TCGA-BH-A0HF	2	0.08248530098345676	0.01160342228987181	2.8114112932410125	0.05273356755231577	0.04176641593334293
TCGA-A1-A0SO	0	2.9344318625441552	0.011432806068658775	6.33655417258324e-05	0.0539514919336253	0.00012047391183457205
TCGA-A1-A0SP	0	2.7354548118046114	0.009686875130472023	0.21862555221296054	0.027556762044271804	0.008675998807683619
TCGA-A2-A0T0	0	2.9238168414659382	0.02952134004736973	0.0004844743925338849	0.023834794020852167	0.022342550073305958
TCGA-A2-A0T1	1	0.04040143602569056	2.665068624292262	0.0748946423118598	0.1744128749156412	0.045222422454545795
TCGA-AO-A0JG	2	0.05622673537819474	0.006781622194551969	2.7488744150456434	0.13176468146450146	0.05635254591710804
TCGA-AR-A0TR	2	0.006512157322151114	0.002856280802765632	2.6674941765791407	0.31330628010354894	0.009831105192393382
TCGA-B6-A0RL	3	0.004865125711541799	0.023595364837319877	0.47116363442214293	2.4972797892813494	0.003096085747645674
TCGA-B6-A0RU	0	2.4510229156528163	0.02980304656373675	0.4682303826776394	0.030866631371284647	0.020077023734522498
TCGA-B6-A0RV	2	0.041124051193969044	0.006938668321872483	2.7800675973517532	0.1336564118536786	0.03821327127872651
TCGA-BH-A0BC	2	0.02500903790118457	0.003370941820599189	2.8468663315061136	0.11915188285431272	0.005601805917789503
TCGA-A1-A0SK	0	2.7828086339064604	0.07922503218543675	0.04314082407761175	0.05349122588760757	0.04133428394288337
TCGA-A1-A0SM	2	0.005839653114280909	0.3124109998484908	2.5398161880384786	0.07036773438728659	0.07156542461146238
TCGA-A2-A0SX	0	2.7295409194375835	0.02508955677173371	0.07398929761422914	0.15271066019203236	0.018669565984421307
TCGA-A2-A0SY	2	0.0017110252049081429	0.02239369967782426	2.8968654597568873	0.07251523023145731	0.006514585128922857
TCGA-A1-A0SJ	2	0.01070564316907532	0.0012363659243540088	2.567927655497411	0.40490936716941156	0.015220968239747059
TCGA-A2-A0EN	2	0.004245198640107125	0.003697988786094991	2.8072690247545973	0.1498827609821273	0.03490502683707305
TCGA-A2-A0SV	3	0.006683179034938635	0.0067171534674815995	0.2142703562973215	2.7707002750815124	0.0016290361187457
TCGA-A2-A0SW	3	0.061111256027329475	0.0398788281798469	0.39515775694615607	2.4700097428608943	0.03384241598577277
TCGA-A2-A0T5	2	0.012600811457219812	0.007479639893298725	2.8942700285019485	0.05060127817118022	0.035048241976352354
TCGA-AR-A0TX	1	0.007830765562510793	2.6222368455400265	0.11818454702583729	0.24623309387619202	0.005514747995433137
TCGA-B6-A0RO	2	0.019645947112193224	0.0036032956705884652	2.723392208592399	0.23983182910351455	0.013526719521304988
TCGA-B6-A0RP	2	0.09891084299646623	0.0302439267040025	2.7558545238229253	0.10061963795344686	0.01437106852315862
TCGA-BH-A0HI	2	0.010166026492469489	0.002728156823986828	2.9647784046474612	0.006675665550494203	0.015651746485587918
TCGA-BH-A0HK	2	0.006986234740218539	0.0072529380331064945	2.8809668611507204	0.0840108578178983	0.02078310825805609
TCGA-BH-A0HX	2	0.008901000629531246	0.0032278783294650898	2.834749175982111	0.12705608048350822	0.026065864575384467
TCGA-BH-A0HY	3	0.026832585451797997	0.0968208357309303	0.04802367036498471	2.827475503351408	0.0008474051008787912
TCGA-A2-A0T7	2	0.002800552082113169	0.007222700736979076	2.75590543925463	0.22642533158833544	0.0076459763379418365
TCGA-AR-A0TP	0	2.888277523599566	0.027761709518057533	0.006187434225557214	0.06825378009968014	0.00951955255713903
TCGA-AR-A0TZ	2	3.858929634289312e-05	0.004152344797759415	2.7497292014310424	0.229622673195956	0.01645719127889928
TCGA-B6-A0RS	1	0.34864194365303197	2.3691499814731225	0.06343891083783175	0.1755243787920822	0.043244785243930696
TCGA-B6-A0RT	0	2.2736622934413906	0.011808553326520895	0.4880682886495721	0.15363120632411678	0.07282965825839939
TCGA-BH-A0HP	2	0.053538851828108976	0.007257303549836183	2.8077785405709403	0.07441554313160606	0.05700976091950803
TCGA-BH-A0W4	2	0.03981643987896202	0.00900331713153391	2.7910368863505814	0.0864229850806168	0.07372037155830619
TCGA-AR-A0U4	0	2.8963896571843155	0.005797071192747455	0.026824729894599136	0.028645453863468586	0.04234308786486913
TCGA-B6-A0WX	0	2.5425429041941388	0.02998008055916958	0.31492492142077055	0.025502432025455633	0.08704966180046539
TCGA-B6-A0WY	2	0.010079009937731467	0.006155118385818719	2.665253406477266	0.2635161986157417	0.05499626658344191
TCGA-A2-A0YF	2	0.013554509468087065	0.012838620047361544	2.7667662710847685	0.1724960227757911	0.034344576623991444
TCGA-A2-A0YT	3	0.015665905748654004	0.014894085178142006	0.0991767371950308	2.8468125465600673	0.023450725318106002
TCGA-AN-A0XS	2	0.02977456228760414	0.012935744916721647	2.7968703881534758	0.1207764281522999	0.03964287648989868
TCGA-B6-A0WZ	2	0.5456350092806801	0.08386438815366744	2.2529612714027745	0.06008693508527482	0.05745239607760323
TCGA-AO-A12C	2	0.04174332419083743	0.010784458642079933	2.8091450621239478	0.04707035970927906	0.09125679533385514
TCGA-AO-A12E	2	0.003207017445376609	0.003636472022171876	2.8494945807016623	0.10102487464554723	0.04263705518524169
TCGA-AO-A12G	2	0.010378690845133778	0.006938957512786783	2.8782938093386834	0.08221593397429507	0.02217260832910054
TCGA-B6-A0X7	2	0.03363618639325072	0.008070070716935699	2.8077545562382875	0.06227179375520892	0.08826739289631713
TCGA-A2-A0YC	2	0.005883429908137828	0.014410657335384968	2.8769147591842144	0.07802600183594899	0.02476515173631343
TCGA-A2-A0YL	2	0.045596832012687716	0.006847926024545776	2.810974418440243	0.06799926834451278	0.06858155517801029
TCGA-AN-A0XO	2	0.0023398422715144715	0.0017874545412986892	2.7870191671758793	0.16478601215364652	0.04406752385766138
TCGA-AN-A0XP	2	0.0011586830749551204	0.0040139053822473335	2.800328220106275	0.1855956161438469	0.008903575292675261
TCGA-AN-A0XR	3	0.01519012170080121	0.00336067559399707	0.8782894374811615	2.077554789523377	0.02560497570066322
TCGA-A2-A0YI	2	0.03697911743214005	0.009089153554352511	2.794187909041038	0.08852052628785276	0.07122329368461648
TCGA-AO-A124	0	2.9541526671718423	0.03969274554597674	0.00019245958943585965	0.003014588183795465	0.002947539508949209
TCGA-AO-A125	2	0.012330690828490804	0.009497824899281103	2.8646038629559087	0.0829364226343413	0.030631198681977657
TCGA-AO-A126	2	0.041042084997041955	0.010141070304437871	2.821533180147656	0.08154687239324729	0.04573679215761644
TCGA-AO-A128	0	2.227696927747761	0.006492079315301696	0.6505732755565115	0.05281231084069073	0.06242540653973488
TCGA-E2-A105	2	0.09197400669184637	0.021282052405538734	2.4821555273575218	0.37250916047568033	0.03207925306941217
TCGA-E2-A108	4	0.2875053842254397	0.0429822607464876	0.529481090150138	0.10121098027351509	2.038820284604419
TCGA-E2-A109	3	0.012420027809073203	0.03634336049327936	0.2606146420512589	2.6840446757553718	0.006577293891016291
TCGA-E2-A10E	2	0.009779462524548768	0.010594225746460512	2.724342805537503	0.2330253866799806	0.022258119511506615
TCGA-E2-A10F	2	0.03105971071353285	0.010701391905225408	2.8148876297060945	0.07864466987533264	0.06470659779981465
TCGA-AN-A0XL	2	0.01954991403616537	0.008776281836633884	2.8248091542811125	0.10372025592992261	0.04314439391616529
TCGA-AO-A12B	2	0.0038631765145561428	0.0015857798544853547	2.730624061087461	0.2269968033106043	0.036930179232893184
TCGA-E2-A10C	3	0.014398175139307565	0.03173747889516	0.7587596336526746	2.139443260344027	0.05566145196883025
TCGA-BH-A0W3	3	0.018327940550333672	0.010035645067897279	0.589746203657652	2.363527486589922	0.01836272413419502
TCGA-A7-A13D	0	2.901510828259803	0.07844219337060931	0.0039009234084962305	0.003150389445379247	0.012995665515711774
TCGA-A7-A13E	0	2.9008717412049476	0.08388426267316342	0.0003271487050460429	0.007250540729156734	0.0076663066876861636
TCGA-AR-A1AQ	0	2.8844320107406967	0.0022834935875135857	0.05677629728896981	0.05320863938739952	0.0032995589954200387
TCGA-AR-A1AX	2	0.023559500965613794	0.03113999297155613	2.7561771427912354	0.09128716471023829	0.09783619856135589
TCGA-AR-A1AY	0	2.910726187171367	0.0064316071062517875	0.033775327660110384	0.04767212554968474	0.001394752512585864
TCGA-BH-A0C3	3	0.038883440752874	0.013857958945830222	0.8924977910070231	1.9691633508702622	0.08559745842401004
TCGA-BH-A0DD	3	0.0018506422364120013	0.10787292400706827	0.2950164505178522	2.575870263146427	0.019389720092240468
TCGA-E2-A15J	2	0.01242401278523056	0.008746655541140218	2.885492569639328	0.0688584181228149	0.024478343911486688
TCGA-E2-A15K	3	0.008247909953542368	0.009424328115395869	0.9084894636227333	2.0528679333885522	0.020970364919775972
TCGA-E2-A1AZ	0	2.8436397791781025	0.003113015958841597	0.06018570690349957	0.05636350524967859	0.036697992709877406
TCGA-E2-A1BC	2	0.025156212208457228	0.00949694126309667	2.7561120582673095	0.16775651722832524	0.041478271032811334
TCGA-AR-A1AI	0	2.930397340795124	0.003959564072857877	0.04656038200013142	0.016900665523684782	0.002182047608202005
TCGA-AR-A1AS	2	0.013922453905809888	0.005946852338622129	2.8018979614513526	0.16794162008833882	0.010291112215876
TCGA-AR-A1AK	2	0.028561788514359327	0.0031217389488990954	2.690314695367771	0.2536235044972634	0.024378272671707023
TCGA-AR-A1AJ	0	2.458854213411529	0.012071362239373174	0.4474315403377987	0.036069538502493274	0.04557334550880567
TCGA-BH-A0AZ	2	0.01570081404289662	0.009049557666245467	2.9165270752089962	0.03969676555502623	0.01902578752683526
TCGA-BH-A0B5	2	0.005698265142012299	0.0041782737303656765	2.799700803736121	0.1763710820231055	0.014051575368395377
TCGA-BH-A0BF	3	0.2236888474435345	0.022827514643619498	0.5297751731170938	2.073259948766813	0.15044851602893874
TCGA-BH-A0DG	2	0.028199076804911065	0.0042253445456592095	2.8151993747310815	0.11553573790527744	0.03684046601307001
TCGA-BH-A0DI	2	0.016143204028487023	0.0047762596129113785	2.813712244925685	0.12806340459449006	0.03730488683842677
TCGA-AR-A1AL	2	0.03824804677870521	0.008881591757614285	2.803391654179698	0.06005262298705232	0.08942608429693034
TCGA-AR-A1AV	2	0.011864139389135879	0.0011510378247961814	2.8224758178270024	0.14854876097969788	0.015960243979367558
TCGA-BH-A0DV	2	0.036450717782199514	0.008246695890880673	2.752410679837653	0.06014491392027281	0.1427469925689936
TCGA-E2-A1B4	2	0.03359200260119028	0.00966639405729902	2.8073176843020153	0.07373467579790104	0.07568924324159385
TCGA-AR-A1AR	0	2.7526956314287205	0.020842914507266927	0.16860745112510522	0.026856945372373407	0.030997057566533707
TCGA-BH-A1EO	2	0.022526901139180704	0.0026682581155009007	2.8407622586292742	0.12302463918665449	0.011017942929389218
TCGA-BH-A1ET	2	0.012441651881047896	0.008578093838174351	2.889054194178067	0.0628405981789121	0.02708546192379821
TCGA-BH-A1EV	1	0.03387855405097361	2.7551753930379768	0.0768583018636988	0.1277356322701809	0.006352118777169256
TCGA-BH-A1EW	2	0.013297146098240698	0.006235519710317979	2.843278616263712	0.1257438670142623	0.011444850913466954
TCGA-E2-A14N	0	2.86375797128182	0.01896115037830031	0.07550236141097959	0.020890171659555295	0.02088834526934397
TCGA-E2-A15I	2	0.013367175324123647	0.006456464264221712	2.876579615497261	0.0609825883253183	0.042614156589075046
TCGA-A2-A1FV	2	0.04348002615712038	0.006986119386985941	2.799790564969184	0.0761459397047948	0.07359734978191429
TCGA-A2-A1FW	3	0.0006682147964506955	0.00039115172912042805	0.1204315029649525	2.853331745127706	0.025177385381770098
TCGA-A2-A1G1	0	2.6166617454907426	0.1850493117610318	0.042558775144791096	0.12699117709623614	0.028738990507198293
TCGA-E2-A1IN	2	0.0018495280679557348	0.0007582027135381594	2.772478647243728	0.2099638823921654	0.01494973958261254
TCGA-E2-A1L8	2	0.004509018213036143	0.004899034968980693	2.774015985851177	0.21336751450285155	0.003208446463954205
TCGA-EW-A1J2	2	0.03131142961641949	0.013093115304060628	2.78786997765621	0.08280087814008143	0.08492459928322832
TCGA-A2-A1G4	3	0.024905513073326318	0.00990841569734119	0.9612032713552219	1.9428211972653786	0.06116160260873183
TCGA-AO-A1KO	4	0.029568676925851703	0.009097896109800024	0.7348074046836788	0.12170002847861072	2.1048259938020584
TCGA-AO-A1KP	3	0.0015273683741078153	0.013357442642426916	0.7100103757451037	2.2651972421908964	0.009907571047465058
TCGA-AO-A1KT	3	0.0023971595011085655	0.008813997633380562	0.5881531802833527	2.3956490489649784	0.004986613617179795
TCGA-BH-A1EX	2	0.07679696974052992	0.020381253152380104	2.6921964672650343	0.071196515039971	0.13942879480208456
TCGA-BH-A1FD	3	0.0300218656231589	0.0183811035548811	0.02008896361619934	2.9145692203311597	0.016938846874600705
TCGA-C8-A1HE	2	0.007609024662485167	0.0109883336772719	2.912511751038605	0.053627199792389835	0.015263690829248118
TCGA-D8-A1JD	3	0.016214733007811583	0.003303395091059653	0.38987049658307116	2.5863008169778845	0.004310558340172653
TCGA-D8-A1JL	0	2.939501817697293	0.01429013767602698	0.0036540419341117816	0.034769370619844024	0.0077846320727238995
TCGA-E2-A1IE	2	0.07353303706679834	0.00784811046747262	2.6403569372887397	0.26212062429426614	0.016141290882723508
TCGA-AR-A1AW	3	0.0158012790034769	0.0293510831295379	0.46738131630568436	2.453944413072113	0.03352190848918709
TCGA-BH-A0BT	2	0.053305697972378226	0.0528527586849004	2.598271835187991	0.278471940176806	0.017097767977924155
TCGA-BH-A0H3	2	0.038747788951261394	0.008569866789479807	2.7973427740561236	0.05924919660782959	0.09609037359530549
TCGA-BH-A0HA	2	0.030239782552625268	0.008121440102133469	2.8808382538744945	0.04161027381796003	0.03919024965278644
TCGA-A1-A0SQ	2	0.028834398600492434	0.007713136869757115	2.8303479682711505	0.07750953774776256	0.055594958510837296
TCGA-E2-A1IF	2	0.03265342382622041	0.007658718141531846	2.7948297268505833	0.07694562809371616	0.08791250308794821
TCGA-E2-A1IO	2	0.13348299796713728	0.016394780785932574	2.645849115775405	0.19630951863624127	0.007963586835283623
TCGA-E2-A1LA	2	0.06557690321630685	0.05468725773132439	2.5272922967275266	0.27414689651046953	0.0782966458143719
TCGA-E2-A1LB	1	0.006068523151073858	2.689299771168985	0.12381888725052033	0.15518900039439132	0.025623818035028924
TCGA-E9-A1N8	0	2.816677307287825	0.06651134252895881	0.0031617477809257593	0.1116406367166435	0.0020089656856473316
TCGA-EW-A1OZ	3	0.011299732169724904	0.07838111734199979	0.046105348353845506	2.859523838499916	0.004689963634513334
TCGA-EW-A1P4	0	2.6327309431288195	0.09779928642976726	0.0031137286151328896	0.2618083236650884	0.004547718161191433
TCGA-EW-A1P5	2	0.0016753924875762818	0.00012957681495210003	2.8767445762104593	0.11814651109531529	0.003303943391696785
TCGA-BH-A1F0	0	2.8029099648613833	0.02275935647067823	0.07721406941149497	0.039895648251871293	0.05722096100457186
TCGA-C8-A1HF	1	0.001343589062129312	2.792044836256464	0.04862083386587312	0.1530901687027445	0.004900572112789227
TCGA-C8-A1HG	3	0.02775745213218339	0.014831491977766216	0.4626310207367009	2.4897783849194406	0.005001650233908678
TCGA-C8-A1HI	2	0.005983836249273586	0.002595858107853355	2.8181904398663074	0.1644055078587603	0.008824357917805583
TCGA-C8-A1HL	3	0.003518970142290089	0.11386262784389291	0.2188197273029977	2.6511278113823855	0.012670863328433464
TCGA-C8-A1HM	3	0.07150483003304278	0.013007770629298445	0.16618137234348077	2.7091956732830833	0.04011035371109423
TCGA-C8-A1HN	3	0.01790329810000624	0.01371824119208103	0.12263427915066001	2.8232110442934957	0.022533137263756445
TCGA-BH-A0H7	2	0.0014918611963798821	0.005319888001443719	2.5832788284272885	0.4074577367281616	0.0024516856467264874
TCGA-D8-A1JS	2	0.011038494356193867	0.008819723375653121	2.8910890380223373	0.06140913503756641	0.027643609208248935
TCGA-E2-A1IH	2	0.007511306347673547	0.018903464182173688	2.7989519836803005	0.1130295194581811	0.06160372633167116
TCGA-E2-A1L9	2	0.043091485501862745	0.007282279283550518	2.7766669224738454	0.07876774818047311	0.094191564560268
TCGA-EW-A1J3	2	7.385387968713122e-05	0.12985361356312972	2.6435693585895423	0.21920489204964907	0.007298281917991247
TCGA-EW-A1J5	2	0.013032290589218481	0.011132670180370037	2.821638790661906	0.10029540617778569	0.05390084239071987
TCGA-BH-A1F6	0	2.9213039032824115	0.03186054798871071	0.00019980215039073134	0.031036317744747053	0.015599428833739654
TCGA-D8-A1JU	2	0.03246611449532086	0.007169236812007337	2.7853255079883636	0.0894994601256297	0.0855396805786779
TCGA-EW-A1IW	2	0.0011996926721735154	0.3003232204161259	2.298723263675235	0.38009617915882393	0.019657644077641413
TCGA-EW-A1J6	3	0.004279059131593346	0.0012918983795480292	0.23658232997495293	2.7495614999957505	0.00828521251815485
TCGA-A1-A0SG	2	0.014605392271118383	0.0071649754312396435	2.927875221508575	0.04173548674911219	0.008618924039954776
TCGA-A1-A0SI	3	0.02924182521416777	0.014208276043338401	0.775324386679004	2.1677000353959777	0.013525476667511731
TCGA-A1-A0SN	3	0.00017071432279822042	0.10934811201915244	0.2651980888899138	2.6215624801100246	0.003720604658110744
TCGA-AO-A1KR	0	2.9257162638067755	0.031899205253844126	0.009546737937274114	0.027221881249556722	0.0056159117525491
TCGA-E2-A1II	0	2.8652932633624246	0.03884142811379687	0.03024552914334647	0.061673009043889844	0.003946770336541956
TCGA-E2-A1IK	2	0.031892183600640084	0.008841578885150787	2.814653840236883	0.06630655764397506	0.07830583963335049
TCGA-E2-A1LL	0	2.8815031287978305	0.029092743451235397	0.00962264600429688	0.05028232408594241	0.029499157660694178
TCGA-A2-A1G0	2	0.006584770377636782	0.003688092497512711	2.9120684420271554	0.04841001857760304	0.029248676520091964
TCGA-BH-A1EN	1	0.024419503516794245	2.9423870648937664	0.009414268738644656	0.007293137390823434	0.016486025459971018
TCGA-BH-A1FC	0	2.9346588708128825	0.02398690458333526	0.03365848676970481	0.0037595633492460293	0.0039361744848313
TCGA-D8-A1X5	3	0.006118399881891079	0.01878530434284473	0.23632204561746378	2.7293712706178876	0.009402979539912525
TCGA-D8-A1XA	2	0.1276430933587946	0.015888655044800006	2.604796455411723	0.223083234390068	0.028588561794613672
TCGA-D8-A1XB	2	0.0012161486160482383	0.0026133117749076915	2.87465587433064	0.10760761950707728	0.013907045771326839
TCGA-D8-A1XC	2	0.040775997746493355	0.008461886200543955	2.7920377310943465	0.0627207255419445	0.09600365941667122
TCGA-D8-A1XD	2	0.02270846464108347	0.022233720539339787	2.732165759105058	0.1940678910266223	0.028824164687895892
TCGA-D8-A1XF	3	0.8278433770058633	0.03171704573671411	0.021317421455704196	2.095342505602854	0.02377965019886464
TCGA-D8-A1XG	2	0.003265145504993519	0.011714884043575888	2.7310820859802885	0.24428977669418328	0.009648107776958894
TCGA-C8-A1HJ	0	2.8998880240886895	0.04624595777321938	0.001355591503869536	0.05188846525882192	0.000621961375398934
TCGA-D8-A1JE	3	0.00318184062157952	0.005957104189620963	0.5523886536740905	2.431733576243322	0.0067388252713868136
TCGA-D8-A1JF	1	0.17908179600716898	2.1883256281815164	0.40251520619288117	0.1146001415139938	0.11547722810443933
TCGA-D8-A1JM	0	2.9000891512468905	0.007352344005977942	0.037518222421662376	0.05265586275830193	0.002384419567166772
TCGA-E2-A1IL	2	0.01720499637059873	0.006516416432381735	2.8422516889205687	0.10933636016676598	0.02469053810968446
TCGA-E2-A1LK	0	2.9425133568122863	0.012173093386665543	0.016328603965458533	0.011576429479193557	0.017408516356395804
TCGA-E9-A1N5	2	0.01403867962384885	0.0043416597960735	2.845477487923014	0.11506584354765009	0.021076329109413594
TCGA-EW-A1OV	1	0.49006843275659434	1.9987436113132235	0.351001129062369	0.0600379224053202	0.1001489044624926
TCGA-EW-A1OW	0	2.74146229923032	0.017936263582338283	0.15026425721505046	0.009745877163683567	0.08059130280860773
TCGA-EW-A1OX	3	0.00884217105666713	0.006482343497526005	0.5591512894004815	2.381700533051454	0.04382366299387102
TCGA-EW-A1P0	3	0.020356142128323693	0.10536956489211144	0.19868929498624338	2.501112468452019	0.17447252954130207
TCGA-BH-A1FR	2	0.038939642423352856	0.00912004109474609	2.7984982085963592	0.07376017981519571	0.07968192807034563
TCGA-D8-A1JP	2	0.12240758618994277	0.010578090364576517	2.667097129054562	0.15092374140357712	0.04899345298734153
TCGA-AO-A1KQ	3	0.010173319725684998	0.01719151385685469	0.21007479755717737	2.7012658736960344	0.061294495164248335
TCGA-BH-A1FG	2	0.06655800179515617	0.0406740261513998	2.7679416291441603	0.1012231617074612	0.02360318120182252
TCGA-A2-A0YG	3	0.00890622313815684	0.2486877445445784	0.1226573322561092	2.5967026777136466	0.02304602234750875
TCGA-A2-A0YH	3	0.0010359135201020858	0.006104761912302647	0.3114583517759762	2.6725665286363807	0.008834444155238364
TCGA-BH-A1FN	3	0.29641554409878756	0.004586569715584164	0.0016868537648138352	2.6911254561560796	0.006185576264734292
TCGA-B6-A1KF	0	2.78153220774977	0.08093265436616236	5.741532346500747e-05	0.10645323198306707	0.03102449057753525
TCGA-C8-A1HK	1	0.001727198482790678	2.7324764486666244	0.0018453385787029343	0.2603300061742036	0.003621008097678074
TCGA-D8-A1JB	2	0.08039316277736115	0.012987792863452714	2.657936345730243	0.1877794210893145	0.06090327753962855
TCGA-D8-A1JI	3	0.0007325659978587531	0.0010051495421550874	0.7906421924248036	2.2042260876050817	0.003394004430100707
TCGA-D8-A1JK	0	2.719679465974311	0.0511713084586012	0.18635846308412535	0.0318500303863686	0.0109407320965936
TCGA-D8-A1JN	2	0.022450396349533108	0.0177966688404941	2.760774833541075	0.18775977312361375	0.011218328145283847
TCGA-EW-A1P7	4	0.1600490076489082	0.015590277593708096	0.7072558055192	0.0460219415045869	2.0710829677335965
TCGA-EW-A1PB	0	2.924560212617519	0.01502764176816911	0.04496802823003508	0.008220380369837733	0.0072237370144383
TCGA-EW-A1PD	2	0.015972169891309902	0.023467066883286133	2.720186250535454	0.1999877595294667	0.04038675316048264
TCGA-EW-A1PE	2	0.003648616466172317	0.0036913716294936305	2.7433459644314278	0.2206995826944155	0.028614464778490056
TCGA-EW-A1PF	2	0.05371794975386844	0.007453557438968801	2.8151931390521643	0.08842007889156965	0.035215274863428576
TCGA-A1-A0SB	4	0.050782921091671304	0.009070471404362583	0.7919439096070161	0.0617547338808634	2.0864479640160862
TCGA-A1-A0SF	2	0.12561261633568918	0.006768179981710072	2.736197466631614	0.05486471353276808	0.07655702351821843
TCGA-E9-A1R6	2	0.0005412051818350691	0.003614246347739837	2.8038264571509064	0.1802814016074473	0.011736689712070881
TCGA-E9-A1RA	2	0.010521531199512177	0.0038777171907309945	2.8344509902692048	0.10913119052817019	0.04201857081238153
TCGA-EW-A1P1	4	0.07153148118479181	0.019427915214812172	0.7742578067844575	0.12180527998459795	2.01297751683134
TCGA-D8-A1J8	3	0.03152914693979684	0.02329976634039023	0.5371998371698354	2.3859470695875458	0.022024179962431174
TCGA-D8-A1J9	3	0.0005262712969414568	0.2925481419062469	0.079007844774025	2.626891117035749	0.0010266249870370294
TCGA-D8-A1JA	1	0.03774012044358628	2.851550490204013	0.0022587346355133664	0.026204356248577667	0.08224629846830916
TCGA-D8-A1JC	3	0.011931335969046452	0.04111413058434103	0.3959546457419662	2.543865396301296	0.007134491403350307
TCGA-D8-A1JT	3	0.0041337445639798515	0.0032701937905415712	0.7075878016286767	2.2483341306092455	0.036674129407555926
TCGA-E2-A1L6	2	0.05684963855470386	0.0027539363737947853	2.905427019698498	0.0222212333315212	0.012748172041482297
TCGA-EW-A1IY	3	0.10188603503443244	0.015758903781203745	0.719868239322322	2.088179086547991	0.07430773531405054
TCGA-EW-A1J1	2	0.04939876261747271	0.0015164861453197172	2.7868284896513402	0.14996481806923462	0.012291443516632292
TCGA-A2-A1FX	3	0.00014541434664519767	0.002634645546065532	0.597052281179036	2.3979653808985004	0.0022022780297525028
TCGA-AO-A1KS	3	6.1021799887786064e-05	0.0020716020659126543	0.44619024704242777	2.5483390664364562	0.0033380626553156417
TCGA-B6-A1KN	3	0.0007444292382569441	0.29349530675169594	0.03345714316930997	2.6691521561133076	0.0031509647274293945
TCGA-BH-A1F5	2	0.009120836064760291	0.012505722002496649	2.8824965787012133	0.0754060358733196	0.0204708273582098
TCGA-AC-A23E	2	0.01236746079225009	0.0028896824225979074	2.8114642873571314	0.14737504320367886	0.02590352622434146
TCGA-BH-A0W5	2	0.005539686434534643	0.005158548545908385	2.8955807799640905	0.0666702891296322	0.02705069592583417
TCGA-BH-A0WA	0	2.955093474296739	0.025240509925457063	0.0016647469647713075	0.017672213331466964	0.00032905548156526095
TCGA-E9-A22B	2	0.01880893490117381	0.018534666200569976	2.5946631558943145	0.35120163541141547	0.01679160759252624
TCGA-E9-A22E	3	0.3978915825665701	0.06343182146892577	0.2250466460721458	2.3129216630230305	0.0007082868693273814
TCGA-E9-A22H	3	0.042943007306404546	0.0181478685541458	0.694006774977062	2.1688405457267934	0.0760618034355943
TCGA-AR-A254	1	0.004008293284871563	2.7512274102897005	0.01413839408357866	0.21389669760053862	0.016729204741310448
TCGA-C8-A278	1	0.11769238299145006	2.6889142973631612	0.07159876384837999	0.0714339104301381	0.05036064536687041
TCGA-E9-A1QZ	2	0.01298261947210448	0.00932839935392042	2.760171401686745	0.1624735142800673	0.055044065207162686
TCGA-B6-A1KI	2	0.006136357914576215	0.004850156163114755	2.816059891338212	0.12218629654882937	0.0507672980352675
TCGA-D8-A1XM	2	0.04501566145249809	0.013377451270808692	2.7978528058643635	0.09941743494473611	0.04433664646759334
TCGA-D8-A1XU	2	0.31792021866325193	0.004666982185217932	2.461116832265885	0.214322493684627	0.0019734732010182835
TCGA-D8-A1Y0	2	0.003322387499814877	0.0027370168409903226	2.8382192385855416	0.1238126620577706	0.031908695015882414
TCGA-E9-A1R3	2	0.004007873013775048	0.003400945597789359	2.861840969695755	0.1212577936569614	0.009492418035718578
TCGA-E9-A1N9	0	2.625543425363187	0.008349145821606799	0.11207173984956459	0.23700957013827006	0.01702611882737146
TCGA-E9-A1NF	3	0.0856095029228958	0.018557990144721113	0.26554544529235785	2.616969732810407	0.013317328829617689
TCGA-E9-A1NH	2	0.024444427432442902	0.005344647841452783	2.827578239208732	0.138862232195688	0.0037704533216840652
TCGA-E9-A1NI	3	0.0009883802891911737	0.0032079419833825925	0.6836845142501019	2.303400360563876	0.00871880291344785
TCGA-E9-A1R4	3	0.04080449610506693	0.014548116477144176	0.6910837559264319	2.237125147874602	0.016438483616754675
TCGA-A2-A0YK	4	0.011734716792609881	0.006368112033963707	1.0434745679222897	0.0638298040646395	1.874592799186497
TCGA-AN-A0XU	0	2.915870283123492	0.03235001568539614	0.0006538536310405343	0.04517294713176031	0.005952900428310588
TCGA-AN-A0XV	2	0.027522760314376546	0.01626150095321667	2.6661744085563974	0.2461195641355881	0.04392176604042077
TCGA-AN-A0XW	2	0.005062442561981412	0.0027397512736213035	2.7071033580022594	0.2803763640804053	0.004718084081732306
TCGA-AR-A0TU	0	2.946580190768734	0.0027668443938268774	0.006152204911129671	0.0075002725727345365	0.037000487353574724
TCGA-AR-A0U0	0	2.7604816176446496	0.15052231832076327	0.009512455681659746	0.04035223932135093	0.0391313690315758
TCGA-E9-A1N3	2	0.04469160608178144	0.007035484962231797	2.7976567414294125	0.07528408393081071	0.07533208359576342
TCGA-E9-A1RC	2	0.00012948749898006507	0.00458696647505661	2.803748557027124	0.18990437564045742	0.0016306133583812526
TCGA-E9-A1RD	2	0.007866541176702954	0.0027750999339979324	2.8360271285154584	0.0995152654030134	0.053815964970826684
TCGA-E9-A1RE	3	9.797357438217955e-05	0.0030774079549647023	0.3085288348367325	2.6848175345609326	0.0034782490729878385
TCGA-E9-A1RF	2	0.04739154655420293	0.037490010421195916	2.6365611278192524	0.26373428674226224	0.014823028463085872
TCGA-E9-A226	3	0.23458734900586464	0.0011582817971982223	0.1407222787719726	2.6192887349531064	0.004243355471857572
TCGA-E9-A227	2	0.010121653092832555	0.008128632205027644	2.884897306652555	0.0678019345229838	0.029050473526600396
TCGA-E9-A228	3	0.0036145954110493065	0.13526571589692496	0.06966390087942241	2.761886446218405	0.029569341594198172
TCGA-E9-A229	2	0.030526943192231794	0.015946122885954667	2.8252095715586143	0.09282738961537611	0.03548997274782298
TCGA-E9-A22A	3	0.1300639071451989	0.01895611012911571	0.5359761125577958	2.270059834803994	0.0449440353638952
TCGA-AR-A24X	2	0.010582211143113673	0.00803160227605246	2.887778911231601	0.058364497174589004	0.035242778174643566
TCGA-AR-A24Z	3	0.028472428822634104	0.011199758351911898	0.11836694128503311	2.827523142103618	0.014437729436802473
TCGA-AR-A250	3	0.013598602719943939	0.24388724278599602	0.3252773001499973	2.3257992961778458	0.09143755816621695
TCGA-AR-A251	0	2.8095722665328635	0.016075956506179472	2.9839677086622043e-05	0.17391189939288404	0.0004100378909856981
TCGA-AR-A255	2	0.0195775358422632	0.0011472422471450413	2.4634635152482267	0.5142987223607347	0.001512984301629988
TCGA-AR-A256	0	2.915191778045508	0.012438632396475215	6.717117466655554e-05	0.07212606373268365	0.0001763546506660093
TCGA-AR-A0U2	3	0.02502416192501439	0.06824283619695844	0.2531848544381038	2.64846987319528	0.005078274244643271
TCGA-AR-A0U3	2	0.012622369159238882	0.005731292937884799	2.6994593531687148	0.28002708811142063	0.002159896622740522
TCGA-B6-A0WT	2	0.059383258466964815	0.00841962862174681	2.713596456645626	0.18436369581683482	0.03423696044882749
TCGA-B6-A0WV	3	0.09630183891849864	0.0009544969832561142	0.2708077308478518	2.62454574330969	0.007390189940703284
TCGA-B6-A0WW	3	0.017466066621017837	0.014936107785071803	0.7248914053097858	2.220065755175825	0.022640665108298923
TCGA-B6-A0X4	2	0.03848151827360204	0.008470390899660113	2.797485682933968	0.05949418860307017	0.09606821928969936
TCGA-B6-A0X5	3	0.030950392040857717	0.012260761402042665	0.7690046532400042	2.1281524908516922	0.05963170246540257
TCGA-BH-A209	3	0.21419840568893658	0.0476670095981778	0.10503393024476246	2.5852337682976385	0.04786688617048439
TCGA-D8-A1Y2	3	0.014754791465118903	0.0066568087068919	1.0544557889357182	1.8886152109442098	0.03551739994806062
TCGA-E2-A1LI	0	2.861745150632588	0.0016941205866085112	0.08076940930472537	0.03320807611021186	0.02258324336586578
TCGA-A2-A25B	3	0.16566443662744965	0.00575048712945579	0.038030305562992854	2.7858334245050766	0.004721346175024802
TCGA-A2-A25C	3	0.00512911004228085	0.00799421087772916	0.41363159296591895	2.558590144142238	0.014654941971833048
TCGA-A2-A25E	3	0.1997925011509063	0.020809056018078413	0.4445824722655169	2.225682439955485	0.10913353061001324
TCGA-A2-A25F	0	2.0295266211304344	0.011715561408339719	0.7555046379671193	0.1456570349558647	0.0575961445382416
TCGA-A7-A26E	2	0.0386153890319768	0.01647240048667771	2.7603660439645363	0.1498405185364511	0.0347056479803574
TCGA-A7-A26G	0	2.752645655668897	0.020995435537174967	0.048623952432483984	0.12884177063391689	0.04889318572752659
TCGA-A7-A26H	2	0.013415736911183232	0.016954321971417934	2.8098776708285027	0.1459270916748357	0.013825178614059864
TCGA-A7-A26J	2	0.006093692573707882	0.007021526964958144	2.4621521751727804	0.5169824040653374	0.007750201223215848
TCGA-AR-A24H	3	0.0055241805751841035	0.0090161512531209	0.1605989991384413	2.815541360890573	0.009319308142680572
TCGA-AR-A24K	3	0.22406037069190612	0.009092918602653176	0.4979971398100231	2.210576560903777	0.05827300999164002
TCGA-AR-A24L	2	0.030618260348435306	0.046692666422384524	2.7703175665945015	0.11491461601040091	0.037456890624277595
TCGA-AR-A24M	2	0.07970836293192418	0.0058077183195251215	2.7800224604624626	0.09708224046444315	0.037379217821644675
TCGA-E9-A243	0	2.174181265071473	0.0338447831440564	0.6547117221947394	0.12637571634420952	0.01088651324552094
TCGA-E9-A244	0	2.893798212459226	0.00677505706815457	0.08195851212825327	0.015823571218401403	0.001644647125964431
TCGA-E9-A247	2	0.009763609005801678	0.005479846137765546	2.6543016688604584	0.3122978624348721	0.01815701356110216
TCGA-E9-A249	3	0.0004688029150718304	0.001874761531222901	0.9809300534763562	2.008527439365078	0.008198942712270821
TCGA-AQ-A0Y5	2	0.0025159781469610916	0.1442029090040193	2.5883838299590654	0.25836906635682316	0.006528216533130623
TCGA-GM-A2DN	2	0.030281057918813557	0.0073752948843064815	2.805685635770977	0.06857723794983771	0.08808077347606476
TCGA-GM-A2DM	2	0.03780269683017227	0.009280086115360464	2.810355152966224	0.06533805899514873	0.07722400509309425
TCGA-AR-A24O	2	0.03941735920155443	0.009112548278346188	2.814067187783973	0.06582140469265488	0.07158150004347112
TCGA-AR-A24P	2	0.004046381301080032	0.012611201070456624	2.874514041046856	0.0910279360304931	0.01780044055111384
TCGA-AR-A24Q	0	2.8207402190129907	0.030314092917894445	0.004915590986836752	0.10796573576989608	0.03606436131238162
TCGA-AR-A24R	3	0.004971946152184067	0.005134941955834332	0.4763909745817974	2.4859754492685444	0.02752668804163967
TCGA-AR-A24S	3	0.4717983210165106	0.0105357327565133	0.0794677545530268	2.4090217103832963	0.02917648129065234
TCGA-AR-A24U	1	0.022782418010707597	2.712806269648108	0.07986915364780096	0.1050394040559452	0.0795027546374379
TCGA-AR-A24V	2	0.0005136950643709349	0.000659249807180597	2.7959880406491	0.1996055126191085	0.0032335018602397537
TCGA-BH-A202	3	0.003094501376806083	0.1226032769784965	0.39917337948400694	2.462506805768191	0.012622036392498962
TCGA-D8-A1JJ	3	0.013303809608048472	0.0034933715305169857	0.4264678086687663	2.5512713455577254	0.005463664634942167
TCGA-D8-A1X6	3	0.0006813083241090858	0.0007216776859665261	0.8358733892250886	2.146028216066729	0.016695408698106623
TCGA-D8-A1X7	3	0.04673182674522763	0.008660071027474358	0.8902292078837454	1.9592756017307738	0.09510329261277845
TCGA-D8-A1X8	2	0.038989324001965614	0.009708634499564259	2.812358641775866	0.0733295545421235	0.06561384518048045
TCGA-D8-A1XJ	1	0.008358766489826879	2.8134362590231037	0.021816721643108553	0.1474547593049057	0.008933493539055147
TCGA-BH-A1FB	2	0.042230282074856566	0.009073174488616059	2.799300681924936	0.051619625661447885	0.0977762358501432
TCGA-BH-A1FH	2	0.07567407092813626	0.023051302670152814	2.6367230852127865	0.21562233601711422	0.0489292051718098
TCGA-BH-A1FJ	3	0.02024472276986789	0.014919232990642935	0.4838465286671519	2.4268765513484576	0.054112964223879234
TCGA-BH-A1FM	3	0.05181392541616308	0.009116831809143196	0.1106752346747046	2.82066061784584	0.007733390254149091
TCGA-BH-A203	1	0.2435982447908806	2.471730523973247	0.06521835591141777	0.209678175061015	0.009774700263439328
TCGA-C8-A27A	3	0.06831920093006962	0.09788551079246394	0.004070124964858247	2.766089291718139	0.06363587159446908
TCGA-E9-A1RH	1	0.5138070064103427	2.4211692804883755	0.004189623243896951	0.057182330411699	0.003651759445685473
TCGA-E9-A1RI	2	0.006117679089801301	0.008160346353641545	2.81082006936078	0.1344402309478739	0.04046167424790367
TCGA-BH-A204	3	0.0019875021402406116	0.043108494577471464	0.46573774495935577	2.4856106704559124	0.003555587867019244
TCGA-BH-A208	4	0.17322598283212629	0.01723187495447019	0.44576822320731085	0.11113370294640046	2.2526402160596914
TCGA-AC-A2B8	2	0.010421648841056825	0.0065156920961625285	2.905045950388898	0.048868045769279604	0.0291486629046032
TCGA-C8-A26X	1	0.1453814711894212	2.306218409399767	0.0272097352179964	0.4688609279382898	0.052329456254525196
TCGA-C8-A26Y	1	0.3194204824915256	2.505921353060496	0.02566997051158436	0.14745265853468642	0.0015355354017073668
TCGA-C8-A26Z	2	0.042637520683590106	0.010975727227403307	2.716710647175926	0.21194953476358486	0.017726570149494934
TCGA-C8-A273	2	0.04243628795005838	0.004642190364694405	2.650549485991198	0.2598134724292552	0.04255856326479356
TCGA-C8-A274	3	0.18404600637877166	0.04796077979080578	0.3529457457829031	2.410729565462316	0.0043179025852035915
TCGA-C8-A275	1	0.00477875178724043	2.789140872598379	0.08189913416690377	0.029076309365282098	0.0951049320821941
TCGA-D8-A27E	2	0.036275880195823416	0.005664199172632505	2.814409580433345	0.08492626771473342	0.05872407248346538
TCGA-D8-A27F	0	2.779956311280706	0.0190367302121784	0.1507196528731809	0.04583256399823553	0.00445474163569906
TCGA-E9-A1R5	2	0.0001935520592012356	0.003163743141823916	2.70793531307522	0.28094886663761526	0.007758525086140083
TCGA-E9-A1R7	3	0.003044284722137336	0.011121883673062303	0.4501692043609707	2.5301376637712893	0.005526963472540218
TCGA-EW-A1PH	0	2.9012214837948873	0.014507588901616365	0.0017965085730601246	0.06487158232832538	0.01760283640211085
TCGA-AC-A2FK	4	0.04044678539776449	0.009452463745161642	0.8110121707682609	0.06252523119746754	2.0765633488913453
TCGA-AC-A2FO	2	0.041636045405454944	0.005569667768654383	2.87688157289591	0.05820114147862176	0.017711572451358744
TCGA-AR-A2LE	2	0.007843623129438933	0.011837099579180554	2.866918573010734	0.09298252824302973	0.02041817603761674
TCGA-A2-A259	2	0.06626904332927147	0.03267811073561345	2.403971188068855	0.04274640661827237	0.45433525124798785
TCGA-A2-A25D	2	0.016291231579415314	0.007262543503349483	2.82051465077202	0.12928820201610097	0.026643372129113874
TCGA-BH-A28Q	2	0.006488289500425604	0.006400082339766085	2.903727196057055	0.06272232943004927	0.020662102672704092
TCGA-C8-A26V	3	0.11038059194980594	0.010710012511262912	0.5506888122885323	2.2825670335929065	0.045653549657492166
TCGA-C8-A26W	3	0.022678183707036934	0.12934283379299066	0.0959098746785264	2.749463753177811	0.002605354643634226
TCGA-AC-A2FB	2	0.003822503306586659	0.059395873599743236	2.7740863900788084	0.08874045500790263	0.07395477800695882
TCGA-AC-A2FF	2	0.018762835191484986	0.00839034432254448	2.7999573893452276	0.0688221874533086	0.10406724368743389
TCGA-D8-A27V	2	0.004360262556773004	0.0017604431720547645	2.846745019261636	0.12130802326634019	0.025826251743195673
TCGA-EW-A2FS	2	0.042391756010036835	0.010437412758423274	2.7401477863702657	0.1804901723679006	0.02653287249337348
TCGA-EW-A2FW	3	0.00024001079815592013	0.0018796346829953986	0.5019060158839228	2.4885618882346927	0.007412450400232674
TCGA-D8-A1XY	2	0.017977645292202755	0.01051164225773295	2.6270411792190047	0.32822544836437273	0.016244084866686714
TCGA-E2-A1LG	0	2.173092631177985	0.008664596103613639	0.5462063905988962	0.2521114390024792	0.019924943117025702
TCGA-E9-A1N4	2	0.002016406727872531	0.0015930587705495524	2.6891776242288183	0.2939973278452984	0.013215582427460548
TCGA-E9-A1NE	2	0.06253492189522596	0.00924987814808451	2.711960117185913	0.1070504837724077	0.10920459899836876
TCGA-E9-A1NG	2	0.008706913125970642	0.013207199095439383	2.827463588268336	0.1316459772430407	0.018976322267212433
TCGA-AR-A2LK	3	6.477492194002106e-05	0.0009537349779185806	0.716005663914265	2.280363266690821	0.002612559495055411
TCGA-AR-A2LL	3	0.006078908779596291	0.006198978560368458	0.5308417350828776	2.454862558087093	0.002017819490064898
TCGA-AR-A2LM	2	0.009569982305622575	0.00830180466221265	2.899063378471604	0.05103159446553405	0.03203324009502711
TCGA-E9-A2JS	3	0.00925039073924705	0.01750573179902495	0.011785213212065701	2.9552301958734053	0.00622846837625696
TCGA-GM-A2DD	4	0.1648687202946919	0.07191698845032769	0.043221993705681604	0.13036023451254763	2.589632063036751
TCGA-GM-A2DF	0	2.8061510898068422	0.008556413472430156	0.03484702577052031	0.12426836961255708	0.0261771013376502
TCGA-GM-A2DK	2	0.09685642231181865	0.019307192765589534	2.7460486015687096	0.09816494243219699	0.03962284092168507
TCGA-D8-A27G	2	0.003872282827281862	0.02687338910459713	2.8848056864912603	0.06210232418000372	0.022346317396856778
TCGA-D8-A27I	2	0.01127088426218392	0.0073391822599505295	2.833164363953185	0.09005167835801917	0.05817389116666086
TCGA-D8-A27K	2	0.04118970282756018	0.0087491133251616	2.7896299594265304	0.05857620218183385	0.10185502223891348
TCGA-D8-A27L	2	0.033665812061902646	0.010701139143539855	2.7821536106181255	0.09410646130295303	0.07937297687347873
TCGA-D8-A27M	0	2.619037116698335	0.027852663754214798	0.1381020894550599	0.11886117077882588	0.09614695931356419
TCGA-D8-A27P	2	0.009863181526876635	0.008073392236954163	2.8926773170907243	0.05875009915512633	0.03063600999031876
TCGA-D8-A1XL	3	0.5320077604256638	0.0972328611741723	0.123773622775981	2.235357135864446	0.011628619759736643
TCGA-D8-A1XO	2	0.007700881667058016	0.009236180829599264	2.8030997563083146	0.1730336040760935	0.0069295771189343625
TCGA-D8-A1XR	3	0.002282225319094336	0.0030072901457257367	0.7707586823660203	2.2094007892758176	0.014551012893341904
TCGA-D8-A1XS	3	0.0018458242395745011	0.017200967665592006	0.6524421288890675	2.3158989385028006	0.012612140702965012
TCGA-D8-A1XV	2	0.015544344466137956	0.005781645719589162	2.6440209395359426	0.2940956534611479	0.04055741681718228
TCGA-D8-A1XW	4	0.3846796603387535	0.01766871018578638	0.11933395098287693	0.020056571452901215	2.458261107039682
TCGA-EW-A1P3	2	0.028455907101747238	0.012152078098580063	2.789994881092559	0.1210477341864976	0.04834939952061627
TCGA-EW-A1P6	2	0.04475075820073446	0.008117251501882505	2.663910284528713	0.1743320668437373	0.10888963892493275
TCGA-EW-A1P8	0	2.8950638053786126	0.04982022550359076	0.012873765954295372	0.03608967369154209	0.00615252947195896
TCGA-EW-A1PA	2	0.5868852421818825	0.042344466090940294	2.233070504879666	0.11216764313002908	0.025532143717481266
TCGA-EW-A1PG	4	0.024439188918010717	0.038014491882926583	0.6817219277881914	0.020760560747871696	2.2350638306629995
TCGA-A2-A1FZ	2	0.13599930749126887	0.00805105905214228	2.696519531230539	0.1327270327784036	0.026703069447646364
TCGA-BH-A1FU	4	0.012204565052676065	0.3018598157115072	0.2271937996558224	0.19482705218208726	2.2639147673979068
TCGA-D8-A27R	3	0.1345419429561813	0.017513611790138085	0.1138766289286174	2.7184854251868025	0.015582391138259826
TCGA-D8-A27T	2	0.0004228481481002243	0.008273258942927705	2.7766800051737444	0.2085711582255381	0.006052729509689474
TCGA-D8-A27W	3	0.005217034002530816	0.005366234044841318	0.5963001180556583	2.359349662896989	0.0337669509999799
TCGA-E9-A1R0	2	0.03107402904798478	0.0095551688313203	2.829444646642132	0.06838454523543401	0.06154161024312874
TCGA-E9-A245	2	0.03368081026041738	0.00863160344700276	2.8197917806121864	0.0644824245877321	0.07341338109266157
TCGA-E9-A295	2	0.0007771851687709806	0.004659324887290574	2.8573196068169278	0.10921516177063578	0.028028721356374582
TCGA-GI-A2C8	2	0.005401561051726633	0.0006766815205059419	2.7380034714939425	0.24779517055674188	0.008123115377082418
TCGA-AR-A2LH	4	0.0392448766726122	0.0084023407623704	0.8719676659370239	0.054040241156867175	2.0263448754711257
TCGA-AR-A2LN	2	0.0435096806570136	0.008594823769300656	2.790098574498708	0.0626071978061953	0.09518972326878208
TCGA-AR-A2LO	2	0.02723588205587006	0.013503479878782821	2.8110513087161766	0.10239626097075268	0.045813068378417796
TCGA-AR-A2LQ	4	0.04730512543509185	0.0076174142652257176	1.028785929626066	0.06202964970898563	1.8542618809646305
TCGA-BH-A2L8	2	0.011567502143614256	0.004053111275172105	2.840863143267627	0.07926783820894522	0.0642484051046415
TCGA-B6-A2IU	2	0.01430943590563716	0.01627973658110272	2.809097074993172	0.14267326930201482	0.01764048321807345
TCGA-GM-A2DB	1	0.4209202972666846	2.150781354554642	0.326986246892264	0.05929291520984113	0.0420191860765678
TCGA-GM-A2DC	2	0.0019544482129639595	0.0018236180503127912	2.526509976429683	0.4482099096851564	0.021502047621883864
TCGA-A7-A3J0	2	0.05831376219672249	0.026405905029827315	2.6916877324891093	0.1004660771362487	0.12312652314809233
TCGA-A7-A3IZ	2	0.0004527192285945946	0.0019734692740992895	2.6573587155095897	0.3391825016474169	0.00103259434029954
TCGA-A7-A3J1	2	0.0014115426684279638	0.0026761277421899834	2.517513922574273	0.4642442735260165	0.01415413348909276
TCGA-AC-A3HN	2	0.0028428098042164044	0.004446562259698608	2.9045775767461954	0.06900981945726009	0.019123231732629007
TCGA-E9-A3HO	3	0.00034772540083163514	0.002342056626766292	0.42819788730601194	2.5623337793461562	0.006778551320233311
TCGA-A7-A2KD	3	0.0010990549621638498	0.16242723715680632	0.042503337346031206	2.791455872053571	0.002514498481427396
TCGA-A7-A3IY	2	0.02598034043070241	0.009274288335693584	2.8351419213063473	0.07772483764075024	0.05187861228650628
TCGA-AC-A2BK	0	2.845398050961296	0.12631408750170403	0.0001258364338339386	0.013777002299812638	0.014385022803353274
TCGA-C8-A3M7	2	0.027125687979553434	0.013879217219559706	2.7945919246836417	0.05490732678198205	0.10949584333526301
TCGA-B6-A0I1	0	2.696277519064804	0.015065554783590717	0.153537494554333	0.10297942881483967	0.03214000278243247
TCGA-E9-A3Q9	2	0.0273936096619662	0.005365972128000777	2.8022245053335855	0.10210493992440649	0.06291097295204098
TCGA-EW-A2FR	1	0.007637832917090206	2.7784422104856903	0.07873321927203379	0.10249722920733782	0.03268950811784791
TCGA-GI-A2C9	0	2.7789011829709738	0.0015543719690552702	0.000817183714549615	0.21785934058778952	0.000867920757631523
TCGA-GM-A3NY	2	0.010558045173904726	0.00842994615834344	2.8903559206724574	0.0604839371779001	0.030172150817393852
TCGA-GM-A2DL	2	0.03731588006511878	0.0070802701471939	2.6867508216651195	0.23626269934143398	0.032590328781133555
TCGA-GM-A2DO	3	0.028377394439330236	0.013057795045711399	0.9708666942773467	1.9024854454910858	0.08521267074652572
TCGA-HN-A2NL	0	2.7974964295600104	0.09831419568866236	0.013781312685231629	0.0897007160609442	0.0007073460051513623
TCGA-A2-A1G6	4	0.0389927849531162	0.009197907761590046	0.8331879526934206	0.0642320458086394	2.0543893087832332
TCGA-E2-A1B6	0	2.1459306950317973	0.012762680610695493	0.7113003257713092	0.063732846807474	0.06627345177872371
TCGA-A7-A13H	2	0.0026068601232265187	0.011069790676808031	2.887633259599445	0.07368189696349504	0.0250081926370248
TCGA-E2-A2P6	2	0.004811275553577891	0.006394593266368502	2.9103218944144853	0.0699273062871118	0.008544930478455864
TCGA-A2-A0CO	2	0.003544513208821834	0.004864686904234362	2.886286832071295	0.07669946956863129	0.028604498247017506
TCGA-A7-A3RF	2	0.03553676089450261	0.008453174560436438	2.8037481599223457	0.05960352283584657	0.09265838178686851
TCGA-E2-A14U	2	0.030808156246559203	0.01076531163145613	2.852012641179238	0.03711255749838085	0.06930133344436559
TCGA-E2-A2P5	2	0.0007150279176959213	0.0071138273945129	2.76337070561123	0.22760108397238146	0.0011993551041791517
TCGA-A2-A0EP	2	0.04492485015563589	0.007877597484092873	2.7423775157842174	0.061103027116699786	0.143717009459354
TCGA-A2-A3XS	0	2.8587184609553433	0.12971425725911068	0.00026190454443659594	0.005532190665835193	0.005773186575274313
TCGA-A2-A3XT	0	2.8469195343521796	0.012268779967817993	0.05897297196608172	0.007962647072960162	0.07387606664095998
TCGA-A2-A3XV	1	0.016398734051535285	2.1243180012621545	0.4283896364224833	0.3274905082345935	0.10340312002923299
TCGA-A2-A3XX	0	2.4892659155233003	0.04421990658479707	0.29701661633591736	0.04664565490504029	0.12285190665094474
TCGA-A2-A3XW	4	0.034235546992465074	0.006939057155654859	0.7100836672394905	0.09515860863541263	2.153583119976977
TCGA-A2-A3XY	0	2.580641629991648	0.03600030006495533	0.22766726484216718	0.1002219889058456	0.055468816195383235
TCGA-A2-A3XZ	1	0.01799884518755853	2.7287787352404385	0.08151450823648139	0.09595658436825255	0.07575132696726877
TCGA-A2-A3Y0	0	2.9189388095996676	0.01772074524185837	0.05620756221147	0.004655343116348643	0.0024775398306548396
TCGA-AC-A3QP	2	0.00968761867166397	0.008209113188487088	2.8917538349141534	0.0563875725656023	0.03396186066009276
TCGA-A7-A426	2	0.012172556436975847	0.005646623179480183	2.856055935722108	0.08881564004979024	0.037309244611645406
TCGA-AC-A3YJ	2	0.04519224131004162	0.009060200563508125	2.7831880446856454	0.06447000912584032	0.09808950431496466
TCGA-B6-A401	2	0.04933115587738379	0.010798182089320927	2.7788358436440066	0.08450356232400079	0.07653125606528786
TCGA-B6-A400	0	2.84049535815065	0.11266592911549969	0.006792431165486324	0.03357844185593411	0.006467839712429904
TCGA-B6-A402	0	2.7979952153070156	0.13412097099927814	0.004849361717291337	0.015152883036216605	0.04788156894019824
TCGA-B6-A408	2	0.0021582040199851684	0.0028909069993818884	2.76845491179141	0.220185863072782	0.006310114116440137
TCGA-B6-A40B	2	0.0005175645711664395	0.002435738699568418	2.7429511017786443	0.24489874799490463	0.009196846955716117
TCGA-B6-A409	0	2.749292258278053	0.00586002887203142	0.11042611057795977	0.010676961560869605	0.1237446407110859
TCGA-B6-A40C	2	0.010797562968207912	0.007777595772368094	2.843847905530312	0.11584512440048389	0.02173181132862781
TCGA-BH-A42T	3	0.010518720278735768	0.019669709111626396	0.3795526148041075	2.588838561924007	0.0014203938815231176
TCGA-D8-A3Z5	2	0.012302631652598088	0.008243119211473518	2.888534635564918	0.05462307378691189	0.036296539784098386
TCGA-BH-A42V	2	0.030399632553378117	0.008388624583367237	2.80403118808942	0.05599906537498439	0.10118148939884994
TCGA-E9-A3X8	2	0.01482746884410701	0.005040567124909732	2.815250293507386	0.10761604953857734	0.057265620985019396
TCGA-LL-A441	4	0.4261083003967649	0.005135710109536797	0.2503889396034317	0.05494524246254904	2.2634218074277173
TCGA-AC-A3YI	4	0.03720049611510959	0.013223740951757249	0.9432002224169889	0.09830578978355647	1.9080697507325872
TCGA-B6-A3ZX	0	2.5861680772322013	0.03137947551432521	0.26226207639590227	0.06416949143499098	0.05602087942257983
TCGA-A2-A0CK	2	0.009263824259329485	0.00571853526333029	2.876898654219579	0.08208346433959564	0.026035521918165716
TCGA-A2-A0CR	2	0.043931761829368324	0.007758073812524376	2.796320338838015	0.06574100839911247	0.0862488171209796
TCGA-AC-A3TM	2	0.007990846275973237	0.00904491049505184	2.8440209934519616	0.09731971717814354	0.04162353259886914
TCGA-AC-A3TN	2	0.02810566372726554	0.006684178801494495	2.773764025573724	0.12848098574747727	0.06296514615003895
TCGA-AC-A2FE	2	0.021903267461699537	0.010794593776823028	2.767281960433856	0.06104910969393402	0.13897106863368722
TCGA-AC-A2FM	2	0.0002215437894010183	0.005716262394926584	2.5455600312597206	0.43966883884148955	0.008833323714461962
TCGA-AC-A2QI	2	0.01097638934105432	0.004784472018611962	2.8424044025591	0.11871510655978186	0.023119629521452134
TCGA-AC-A2QJ	0	2.332008493845282	0.007132603507134773	0.3952377527597138	0.23429788060742515	0.031323269280443655
TCGA-AC-A3EH	2	0.000497787323593518	0.0032251100133960475	2.8304150289224475	0.16111526532073606	0.0047468084198265615
TCGA-AC-A3BB	2	0.0322800762671366	0.009064081503879093	2.8139102013325883	0.09923435391979124	0.045511286976604656
TCGA-AC-A3W5	1	0.0005254123590408248	2.815046581800631	0.07813510305940335	0.07594870060898079	0.030344202171943533
TCGA-AC-A3W7	2	0.013592245018070666	0.0059594807264558	2.903902036618335	0.06188904256539322	0.01465719507174511
TCGA-AC-A3W6	2	0.03462705152076878	0.005315983265857379	2.82622741029797	0.088744526219827	0.04508502869557668
TCGA-AR-A2LJ	2	0.006371087476298989	0.0874908262047956	2.6219389220907647	0.16868304254330804	0.1155161216848327
TCGA-AR-A1AM	2	0.016901591364530524	0.006072781981045969	2.82976394312489	0.08031812815659137	0.06694355537294198
TCGA-BH-A0B6	2	0.06264241380579864	0.0210568509990984	2.4353572395977636	0.45960649973473294	0.021336995862606147
TCGA-E2-A107	2	0.0008285599156643689	0.0021400231782720243	2.6209686278338786	0.36646664352875813	0.009596145543426617
TCGA-EW-A423	2	0.0005250896091064879	0.0008978113630079052	2.855169774376318	0.1387331482254311	0.004674176426136565
TCGA-EW-A424	2	0.0028879339530530302	0.011307387519180898	2.693789349194043	0.2841503004435087	0.007865028890214126
TCGA-GM-A3XL	0	2.830842278752337	0.008801691937154956	0.15093536629448	0.004612012532385698	0.0048086504836424545
TCGA-GM-A3XN	2	0.010944973088120424	0.004752327214686111	2.867776846509483	0.07182286497089359	0.04470298821681682
TCGA-LL-A440	2	0.03714874472084458	0.009045205817243508	2.710423037891873	0.07492352950204766	0.1684594820679905
TCGA-JL-A3YX	2	0.004847160730973805	0.014212628159230488	2.8505559778923293	0.1155854982223446	0.014798734995121791
TCGA-E2-A1LE	1	0.02235543090935176	2.886899601695397	0.002978486899626642	0.019903909440551162	0.0678625710550727
TCGA-E9-A3QA	0	2.6879283594809067	0.007038715569753378	0.20765665008406148	0.061263758026552484	0.036112516838725704
TCGA-EW-A3U0	0	2.8346677010889882	0.004677620949502792	0.0012457393792819744	0.12066366966600318	0.0387452689162235
TCGA-D8-A4Z1	2	0.03438728703403018	0.008321197004461454	2.8025348371411014	0.059742452583049804	0.0950142262373567
TCGA-A2-A4S2	2	0.00025901887840582433	0.0005471149660771257	2.820073421663479	0.173416016585325	0.005704427906712924
TCGA-A7-A4SF	1	0.033347426179171	2.6001372174141815	0.013161904933791485	0.3267135964836681	0.02663985498918775
TCGA-AQ-A54O	3	0.03281222556172427	0.0064043216759215385	0.4437175891323244	2.4958463444173837	0.02121951921264627
TCGA-AQ-A54N	0	2.913899940598786	0.0037333364320021683	0.0024632528573260578	0.07239229572932958	0.007511174382555809
TCGA-LL-A50Y	2	0.011199134852967597	0.008168839676366925	2.8976759133143983	0.0489690081189717	0.03398710403729556
TCGA-A7-A4SB	2	0.12783111078108447	0.008559246687339137	2.8464706244013973	0.016523929869965114	0.0006150882602143391
TCGA-A2-A4RX	0	1.9898992738647652	0.0025056040655657206	0.844029429066392	0.12305505089689446	0.0405106421063822
TCGA-E9-A54X	3	0.005242734443828641	0.0010080695768471613	0.8607569287984633	2.089823512164272	0.043168755016589
TCGA-A2-A4RY	4	0.03585105297937777	0.008398824145149898	1.0061410833007411	0.07676905503939292	1.872839984535338
TCGA-A2-A4S0	2	0.03767860971595639	0.008643216788560781	2.8004666639189932	0.05900621015126362	0.09420529942522526
TCGA-A7-A4SD	0	2.897915642433569	0.008960761637185153	0.017094989351650065	0.05245404755685147	0.023574559020743832
TCGA-LQ-A4E4	2	0.016819183779606936	0.006471872041220987	2.869018308480205	0.09970973286403137	0.007980902834935173
TCGA-A7-A4SA	2	0.25264362668882917	0.01075197300817673	2.646467943901638	0.08538622287364177	0.004750233527713926
TCGA-MS-A51U	2	0.02405535347884136	0.004026327143039561	2.856577953387833	0.05052577314508418	0.06481459284520183
TCGA-A7-A5ZV	0	2.9721489362659512	0.02629010232516251	0.00041264740516686824	0.0010438303662689448	0.00010448363745038581
TCGA-AC-A5EH	1	0.0052577412852604305	2.0270964215374976	0.6480450906062748	0.30696234548651374	0.012638401084452805
TCGA-AC-A5XU	2	0.058538531207261504	0.011128582588956019	2.6223421341514803	0.27199870019963235	0.035992051852669356
TCGA-AR-A5QN	2	0.011023134223665807	0.006042172502055113	2.8003820253509377	0.16809688125873487	0.01445578666460616
TCGA-E9-A5UO	3	0.006681197203219277	0.02880870938497924	0.2315420985649735	2.7245168014533285	0.008451193393498938
TCGA-AR-A5QP	2	0.057020028537677035	0.0024814368367035403	2.7992463280850424	0.09229085152246486	0.04896135501811192
TCGA-OL-A5RY	4	0.014785039733760701	0.4506233058543906	0.06384360238517739	0.010345822867309468	2.4604022291593615
TCGA-LL-A5YO	1	0.3476542804419183	2.182932282299647	0.3090970283226203	0.0643039152670505	0.09601249366876338
TCGA-LL-A5YP	0	2.857793663247672	0.054690589021070594	0.005549313029557266	0.06647963872845136	0.015486795973248554
TCGA-OL-A5RX	2	0.09015880878732406	0.009070667727799955	2.745477071638043	0.040108874828442935	0.1151845770183896
TCGA-OL-A5RZ	1	0.005495004516531303	2.809368301683253	0.005427656592205389	0.17242396083088432	0.007285076377125671
TCGA-OL-A5RV	2	0.00898955675850182	0.007738512321212	2.865081398862827	0.07901129586840874	0.03917923618905006
TCGA-OL-A5S0	0	2.896524035723964	0.021565001522526956	0.07560073791022574	0.0031783270610102935	0.0031318977822729385
TCGA-A7-A56D	2	0.0927776470285211	0.0095785704910278	2.791406314957308	0.0993531868014038	0.006884280721739359
TCGA-AR-A5QM	2	0.002919720042354134	0.001015878345979292	2.848204752211816	0.10739525308731722	0.04046439631253304
TCGA-E9-A5FK	2	0.016399971358262745	0.009154542963283763	2.8147439050752983	0.10830853949656982	0.051393041106585095
TCGA-BH-A5J0	2	0.21161139379423405	0.020022043301555062	2.5605963673804575	0.1980264875240394	0.009743707999713415
TCGA-E9-A5FL	0	2.6766699053968703	0.04718080464683486	0.08189564827712034	0.075601732591104	0.11865190908806966
TCGA-LL-A5YN	2	0.03695630406286375	0.0644486973614649	2.52542867437318	0.2957604514081253	0.07740587279436559
TCGA-OK-A5Q2	2	0.007545206560356693	0.012278836848152916	2.8835806722441264	0.06738061513572699	0.029214669211636915
TCGA-OL-A5D7	0	2.893356956629532	0.03394110234572597	0.00281419721536381	0.035949318386885164	0.03393842542249317
TCGA-OL-A5D8	2	0.050733177301139576	0.012916344699952585	2.8879512006552877	0.03116664437384377	0.017232632969776104
TCGA-OL-A5DA	2	0.01755709654456941	0.011529800968500318	2.7940325543141102	0.1510318379406335	0.0258487102321862
TCGA-OL-A5RU	2	0.04214219173076529	0.00873359833899228	2.79015898153899	0.06097429847442816	0.09799092991682408
TCGA-PE-A5DC	2	0.03539647106294626	0.011617195029092073	2.8182761501724016	0.1057177569136067	0.02899242682195301
TCGA-PE-A5DD	2	0.027012641542558596	0.0019681635377950743	2.8509202953167696	0.09900371206177475	0.02109518754110187
TCGA-BH-A5IZ	0	2.7971164880576587	0.07506406997484584	0.11001477722637808	0.013883305136647118	0.0039213596044698745
TCGA-HN-A2OB	2	0.02485407551660903	0.010939198187346863	2.764116061794623	0.09939773462054219	0.10069292988087869
TCGA-A7-A5ZW	2	0.043725880130376905	0.008371312011605134	2.7913653459599717	0.05710622619031694	0.09943123570772917
TCGA-A7-A5ZX	2	0.03288674612029562	0.006697302820096214	2.7687752425285623	0.08665921498557054	0.1049814935454754
TCGA-AC-A5XS	2	0.009892307060884259	0.009077929093191169	2.8904799963307903	0.0646305976406135	0.025919169874520073
TCGA-AC-A62X	0	2.8965118420151543	0.004609892065667484	0.015242726342387353	0.07531930454572495	0.008316235031065633
TCGA-E2-A56Z	3	0.0019904801321818898	0.0030569325502715883	0.4295988336289402	2.5367840205077328	0.028569733180873275
TCGA-E2-A574	0	2.752024573495368	0.22148758836244006	0.0004847411577595161	0.020211202599532106	0.005791894384899923
TCGA-OL-A66J	2	0.11169828782741845	0.0241975140464751	2.6929271988225465	0.09450818374717557	0.07666881555638462
TCGA-OL-A66I	0	2.731262573698413	0.012660238396064102	0.13975696459435516	0.06345499830182015	0.0528652250093481
TCGA-OL-A66K	2	0.004598573976235099	0.014410137544959142	2.8545707079481195	0.1096059194228786	0.01681466110780759
TCGA-OL-A66H	2	0.04297264529024391	0.008710308616623023	2.789318934926397	0.059440306074153196	0.09955780509258291
TCGA-E9-A1NC	0	2.772767993194197	0.012111017460192563	0.10024553221129374	0.10020781511357592	0.0146676420207401
TCGA-AC-A62V	3	0.21088383498554478	0.005114242526918789	0.7415993371469404	1.9902576304212038	0.05214495491939158
TCGA-E2-A576	2	0.004123783568113762	0.02724017466226649	2.567152920156574	0.38295961045692917	0.018523511156115953
TCGA-E9-A6HE	2	0.013406404807376659	0.011881568950192085	2.8816672725335564	0.07179707689499383	0.021247676813880557
TCGA-LL-A6FR	0	2.7652040045440662	0.02214024022194152	0.0323497470635033	0.17030965868547424	0.009996349485014341
TCGA-OL-A66O	2	0.01854037156706715	0.010670131680682957	2.7204294204807207	0.21341635786823648	0.036943718403292566
TCGA-OL-A66L	2	0.009682975414028844	0.007989486521322715	2.894489275406825	0.06146974904079787	0.026368513617025403
TCGA-EW-A1IZ	2	0.04634122671334776	0.009977384663843101	2.771453004168132	0.07363615365422169	0.09859223080045533
TCGA-E9-A1RG	3	0.00019312706073965907	0.0007275480096962177	0.3218063464184223	2.6760983971624457	0.0011745813486959372
TCGA-EW-A6SA	3	0.03956075835851194	0.0021347363232629875	0.18874949241640498	2.76001923242023	0.00953578048158986
TCGA-EW-A6SB	0	2.568292267614502	0.011762627148575717	0.30385765014276356	0.018296625741755716	0.09779082935240269
TCGA-LL-A73Z	4	0.06583856251716803	0.005625474655954423	0.5507191088601869	0.06433732952144174	2.3134795244452486
TCGA-LL-A740	2	0.0377764440156418	0.0284173565475214	2.7374372588013545	0.06895248750175725	0.1274164531337242
TCGA-AC-A6IX	2	0.1121677897576169	0.008531514195566126	2.7805925559988367	0.06601076662187197	0.03269737342610848
TCGA-BH-A6R9	4	0.029533141634884102	0.006456487138793392	0.7501254296704608	0.14358276315664809	2.0703021783992135
TCGA-S3-A6ZG	2	0.0017561838284346435	0.0075895343838415525	2.7343468226745493	0.2372179363754595	0.019089522737714942
TCGA-S3-A6ZH	2	0.0020619143985017817	0.0024829580961298753	2.415652838831485	0.578677515604288	0.0011247730695954443
TCGA-AO-A0JB	4	0.32732659950602566	0.052598543954698755	0.1076943153735194	0.1196488578934755	2.39273168327228
TCGA-A7-A6VV	0	2.9067232286126887	0.024516679171049476	0.002186739996494437	0.05211242874675539	0.01446092347301147
TCGA-A7-A6VW	0	2.9206452266857523	0.0651266131723692	0.004735874581791459	0.002360866336959709	0.007131419223127419
TCGA-AC-A6NO	2	0.016406544081157454	0.008491795740538561	2.87914902779303	0.05707561638949252	0.03887701599578106
TCGA-EW-A6S9	2	0.02020823185785017	0.13400661953447748	2.7426299924031143	0.08724654726238537	0.01590860894217238
TCGA-D8-A73U	2	0.02739375543340498	0.009679017089512446	2.732390806791431	0.18826661705190909	0.04226980363374182
TCGA-EW-A6SD	1	0.017907239552090993	2.6490797749849238	0.01971711222831411	0.3067442070200943	0.00655166621457703
TCGA-A7-A6VX	3	0.22604648846284944	0.0010291820543280189	0.17589114334006	2.5963618354161655	0.0006713507265968716
TCGA-LD-A74U	2	0.02033887130846896	0.0039613633929322	2.8483212727691596	0.08541165135496812	0.041966841174470686
TCGA-OL-A6VR	2	0.03637248048716357	0.008188793747549553	2.8328050879030093	0.05410172833087474	0.06853190953140252
TCGA-AC-A6IV	2	0.02843749022876533	0.00859515339004889	2.806390920822317	0.06715916397606687	0.08941727158280194
TCGA-AC-A6IW	0	2.84267615526577	0.02791560529599042	0.049890232022636566	0.05118125459335583	0.028336752822246687
TCGA-LL-A73Y	0	2.8236248385957	0.013412751467243971	0.08026814040764821	0.0689461326484869	0.0137481368809203
TCGA-V7-A7HQ	2	0.036327820182757306	0.013137490209596467	2.7811037872867352	0.0717198556886015	0.09771104663230909
TCGA-BH-A8G0	2	0.039964239991227425	0.01124473119699391	2.805873447035806	0.05732550602308332	0.08559207575288874
TCGA-D8-A73W	2	0.002987077554520977	0.008515387521758799	2.772154926921816	0.20040712855925708	0.015935479442646477
TCGA-LL-A7SZ	2	0.0285251073097976	0.0318795938732502	2.64466782331413	0.2430120141453638	0.051915461357457955
TCGA-LD-A7W6	2	0.03734787637417447	0.008608290180225742	2.822684311235878	0.0594014800896034	0.07195804212011771
TCGA-LL-A7T0	3	0.0814756747635131	0.020002357196513526	0.0940600389412323	2.782098127299385	0.022363801799355907
TCGA-AC-A7VC	0	2.275486951844404	0.008774954067938968	0.6087876439955731	0.06940634569788313	0.037544104394200604
TCGA-AC-A7VB	3	0.005869788084041386	0.026814147490260766	0.4090139448819997	2.5408583470639567	0.017443772479740518
TCGA-BH-A8FZ	4	0.010962396904288654	0.06485785595189404	0.4555264418426596	0.0756235100739384	2.393029795227219
TCGA-BH-A8FY	2	8.238587503313832e-05	0.0001740463123304235	2.8236843942741876	0.1716813223928625	0.004377851145586429
TCGA-XX-A89A	2	0.0059732712048013595	0.0016966890903771766	2.743575807262573	0.22168548003021618	0.0270687524120321
TCGA-C8-A8HP	1	0.005989414244799436	2.7067987072584323	0.09011695196742427	0.1891994667411787	0.0078954597881645
TCGA-LL-A8F5	0	2.898241118551554	0.011187851903782714	0.0019226928413778213	0.08365351570114361	0.0049948210021417035
TCGA-AC-A8OP	2	0.0009918887207895374	0.004781155916769059	2.873847716219501	0.09987450148407577	0.020504737658863993
TCGA-XX-A899	2	0.004433119444718507	0.006379870830486168	2.8292471374125494	0.13849954521115415	0.02144032710109127
TCGA-W8-A86G	2	0.002314161716714111	0.0036407747720597914	2.8923498386665605	0.08781345967261997	0.0138817651720454
TCGA-PL-A8LZ	0	2.8369826419388966	0.011473167371375043	0.05585575387833757	0.02513310748148555	0.07055532932990476
TCGA-3C-AAAU	2	0.003642406016048553	0.0020154235815268385	2.695309567794843	0.2929893875442456	0.006043215063335736
TCGA-AC-A4ZE	2	0.014681046126303627	0.013857761840263048	2.860259932587384	0.1009080941225313	0.010293165323517721
TCGA-S3-AA10	0	2.92761759108031	0.0023710376150511575	0.0077404438710759246	0.05926201805862922	0.0030089093749328644
TCGA-LD-A9QF	4	0.006786613377011449	0.2282664052799948	0.26293863227746045	0.1044364783122945	2.397571870753238
TCGA-WT-AB41	2	0.35009958500839133	0.04930367116750176	2.3742431580195373	0.18347050018609065	0.04288308561847849
TCGA-3C-AALI	1	0.01828100144823362	2.7375187978032733	0.0005448248782947752	0.22645635052208027	0.017199025348117736
TCGA-S3-AA11	2	0.043606966912922	0.008724140666478704	2.806970179147455	0.051587809422231554	0.08911090385091248
TCGA-LL-A9Q3	2	0.005824751365099365	0.00447917121569176	2.7444034583951322	0.2147603811420772	0.030532237881999186
TCGA-WT-AB44	2	0.0024870795108990406	0.009620283360960795	2.7866116498007623	0.1861139629628239	0.015167024364553507
TCGA-3C-AALJ	3	0.019932288649445514	0.22509172369976133	0.1011970703617701	2.6405092646139647	0.013269652675057907
TCGA-AC-A8OR	2	0.03642329011255736	0.009474997370369113	2.782408018167086	0.1011319351190413	0.07056175923094642
TCGA-S3-AA12	2	0.011313019961552345	0.01837121508382975	2.845163096294416	0.09499204268409854	0.030160625976102973
TCGA-OL-A6VQ	2	0.011303024516511564	0.00836289827169752	2.8961110637989473	0.05402810287738415	0.030194910535458863
TCGA-Z7-A8R5	2	0.0012456209789323178	0.004213006559844168	2.831369167731082	0.10465748413971505	0.058514720590426166
TCGA-S3-AA14	2	0.005882413303891992	0.22218725979093748	2.589286253712646	0.1642503035487844	0.018393769643739715
TCGA-OL-A97C	4	0.019019774447702777	0.0009031879247563126	0.3658501531894426	0.14813612365271586	2.466090760785382
TCGA-AC-A8OS	2	0.009051332861515956	0.011046755041669111	2.8434704417000107	0.10671370477968282	0.029717765617121115
TCGA-4H-AAAK	2	0.0017410491764496808	0.00345703966010163	2.849206216985518	0.13282996240869735	0.012765731769233414
TCGA-BH-AB28	2	0.010648457746136018	0.009707936251709822	2.896419462694777	0.06123595449240423	0.021988188814972352
TCGA-S3-AA15	0	2.066793007157365	0.008356094517329393	0.7101565810756233	0.07412625496220912	0.1405680622874727
TCGA-PL-A8LV	0	2.9172270583437516	0.0510317636792742	0.010164338353100844	0.0038399541610482325	0.017736885462824932
TCGA-S3-AA17	3	0.11891763909799481	0.003866561441400201	0.5194544396447791	2.3193190428404993	0.03844231697532621
TCGA-PL-A8LX	2	0.008675465381866117	0.009420232950989118	2.776107368083411	0.1605946709405726	0.04520226264316068
TCGA-PL-A8LY	4	0.08623770880788358	0.036797381829498085	0.1439106959593164	0.02208236190947577	2.710971851493826
TCGA-5T-A9QA	3	0.022160069619518157	0.006027967073603233	0.17620671388080258	2.764139552425285	0.031465697000790445
TCGA-5L-AAT1	2	0.05298675502595219	0.04010966575037733	2.8100249202717036	0.010642727916762592	0.08623593103520373
TCGA-E2-A9RU	3	0.03505772789513964	0.0041904019685267985	0.11213810882833504	2.8462121066684145	0.0024016546395836786
TCGA-S3-AA0Z	0	2.8033379322460066	0.0005480117942319419	0.06594936769722286	0.12928164056768207	0.0008830476948567892
TCGA-UU-A93S	1	0.021824288261250654	2.9201462773928384	0.0008416118592569535	0.037746727108703984	0.019441095377949753
TCGA-E9-A54Y	3	0.000412756300331986	0.006673645869772216	0.45662951451765277	2.5292894693703913	0.006994613941851132
