label	sample_id	num_0_0	num_1_0	num_2_0	num_3_0	num_4_0
2	TCGA-A1-A0SE	0.0004981079266658168	0.0010928630407398513	0.9880724549188481	0.0060637058742230325	0.004272868239523369
2	TCGA-A2-A0SU	0.0018205245145838753	0.004985044932981612	0.9448431911464816	0.03285215183680085	0.015499087569151918
0	TCGA-A2-A0T2	0.9724371141681536	0.014370802493804522	0.0005982841745832215	0.002220572106092649	0.010373227057365916
3	TCGA-AR-A0TV	0.0005509471671481764	0.004642839983741456	0.1025446015201793	0.8903617578560863	0.001899853472844469
2	TCGA-B6-A0RM	5.5904427298354494e-05	0.00031022405063641477	0.9013320706137058	0.09821247377094787	8.932713741175945e-05
2	TCGA-B6-A0RN	1.2975709199288312e-05	0.00011071907126234025	0.9416007725790307	0.05825006501667529	2.546762383229707e-05
2	TCGA-BH-A0DH	5.739747839687054e-05	0.0010529419777406855	0.9128725026680206	0.08577518364834284	0.00024197422749899607
2	TCGA-BH-A0DQ	0.00015698409309337742	0.0008168766315658705	0.9319315630005891	0.06646969883497324	0.0006248774397782717
2	TCGA-AO-A0JJ	0.0005414991520482336	0.0011294037929067587	0.9858487152643399	0.008819940714326964	0.0036604410763781993
0	TCGA-AO-A0JL	0.9561846537555843	0.016694982994488152	0.0005052739418628558	0.001893814686167256	0.024721274621897348
3	TCGA-AO-A0JM	0.0005255733268835495	0.010618360956947435	0.05129379787963059	0.9355662189627602	0.0019960488737782705
0	TCGA-B6-A0RE	0.979621200701398	0.006434632953381652	0.00023805120492399902	0.0010344721893087048	0.012671642950987841
2	TCGA-B6-A0RI	4.205129208404947e-05	0.0002589178537831063	0.9476326930718493	0.05190875668127345	0.00015758110101019685
1	TCGA-BH-A0AW	0.018226627606969057	0.6609173124174265	0.06181686797565407	0.15305140794339728	0.10598778405655301
0	TCGA-BH-A0B3	0.928761293652251	0.02860602168273525	0.002769888916781057	0.003892378973823499	0.035970416774409326
2	TCGA-BH-A0BA	8.06928584150693e-05	0.001455631674532015	0.9490162047878731	0.04852255759536995	0.0009249130838098613
2	TCGA-A2-A0CT	2.328070745870209e-05	0.00020382341365777487	0.7038803914733289	0.29583604538059916	5.6459024955031845e-05
2	TCGA-A2-A0EU	4.879847778864756e-05	0.0001706834726221549	0.9130072381567722	0.08667194740117383	0.00010133249164308773
2	TCGA-A8-A08O	7.261383747662805e-05	0.00023702513196367168	0.9435922406928597	0.055711303774397744	0.0003868165633019309
2	TCGA-AO-A03L	0.00033238837924314945	0.0049262952683437645	0.900790981282229	0.09215818367300395	0.0017921513971799268
2	TCGA-AO-A0JA	0.00013977383174466074	0.0011503689649190738	0.9272434200421851	0.07057388353791032	0.0008925536232408327
2	TCGA-AO-A0JC	0.2003885407016716	0.06556304384900079	0.5777504930897934	0.03317323753821389	0.12312468482132004
2	TCGA-AO-A0JF	0.0010272619721110798	0.002091436751992858	0.9726600355344354	0.014735612455510144	0.00948565328595054
2	TCGA-AO-A0JI	7.39874463790412e-05	0.00029608818791432507	0.8926193792101439	0.1069004742998475	0.00011007085571545971
2	TCGA-BH-A0BM	0.0002719042014863016	0.0012928175452333658	0.9830735537931725	0.011988482577049663	0.0033732418830583954
2	TCGA-BH-A0DK	0.0009511336934676244	0.006290008524021333	0.8826060072708172	0.1057914421652936	0.004361408346400422
2	TCGA-BH-A0DP	5.563734704898461e-05	9.130191204076214e-05	0.9869287880452637	0.011853558685789467	0.0010707140098570112
2	TCGA-BH-A0DS	0.00010755177755296891	0.001261203435183398	0.9124934269795749	0.08569400356501666	0.0004438142426721558
2	TCGA-BH-A0E2	0.00016816484027405563	0.0011149370678468068	0.6587667958042096	0.33923986402066664	0.000710238267002975
2	TCGA-BH-A0GY	0.012440329997671907	0.11719428362080699	0.1930685729760694	0.6124390856305348	0.06485772777491683
3	TCGA-BH-A0H0	0.0002811694478557995	0.001338257748811807	0.3040663217264765	0.6936065502282581	0.0007077008485976882
2	TCGA-BH-A0H6	8.277304561327926e-05	0.0007344409231225914	0.9185571464447089	0.08022994180464224	0.0003956977819131039
2	TCGA-BH-A0H9	0.01696247247736214	0.10177168169072107	0.1742755681079195	0.6265422962299264	0.08044798149407108
2	TCGA-BH-A0HB	0.0001497992469031693	0.0005656590001542826	0.8918131527139558	0.10703932442720315	0.0004320646117838495
2	TCGA-BH-A0HF	0.00031415238905442176	0.0008214649295223288	0.9838822495736477	0.01248342634347345	0.0024987067643020065
0	TCGA-A1-A0SO	0.8901403207930633	0.0421723401226722	0.006456301674816327	0.005569415484194597	0.05566162192525398
0	TCGA-A1-A0SP	0.8869227931319391	0.04079794291536232	0.009796690673381082	0.007239370971946673	0.05524320230737098
0	TCGA-A2-A0T0	0.9052170092035328	0.03358027526832484	0.002162641945079081	0.004564760513523104	0.05447531306954002
1	TCGA-A2-A0T1	0.06669807488429028	0.5291846822405419	0.09024380545097899	0.04733641113870711	0.26653702628548176
2	TCGA-AO-A0JG	0.000474644987021653	0.002400082570143425	0.8758914569557079	0.11948825778974852	0.0017455576973786982
2	TCGA-AR-A0TR	5.969942656861448e-05	0.00019656001482647092	0.8934143151139873	0.10628734494484814	4.208049976925486e-05
3	TCGA-B6-A0RL	0.00011981645849950512	0.0005510883102774346	0.4215030748500914	0.5777471708685913	7.884951254008023e-05
0	TCGA-B6-A0RU	0.7133367554423208	0.06010324192089812	0.014093370127410233	0.005088046522380951	0.2073785859869896
2	TCGA-B6-A0RV	0.0013763920247299324	0.008538727457545825	0.9286976536889546	0.05039292171040653	0.010994305118362802
2	TCGA-BH-A0BC	0.00025663737693671897	0.0008460120235536515	0.9767691965140618	0.02093017399983751	0.001197980085610488
0	TCGA-A1-A0SK	0.8755616875970064	0.050922584812666725	0.006719636057683641	0.00979286365734853	0.05700322787529486
2	TCGA-A1-A0SM	0.0006293183314727564	0.004504913330510382	0.8856609062957943	0.103260591711933	0.005944270330289816
0	TCGA-A2-A0SX	0.935196544865922	0.018045745248799788	0.0016320010054832169	0.0025247371771231113	0.042600971702671714
2	TCGA-A2-A0SY	4.461235900369578e-05	0.00047876239823220295	0.9512783996354341	0.048045504319482076	0.000152721287847777
2	TCGA-A1-A0SJ	0.00020989784054800475	0.0020140155238032274	0.8899959017245025	0.10657866812487024	0.0012015167862760323
2	TCGA-A2-A0EN	0.0024598842115856135	0.00488184177035652	0.9615731768703983	0.019053980062497467	0.012031117085162074
3	TCGA-A2-A0SV	0.0025078460920008186	0.04850429844470693	0.07413649898487182	0.8652321691134515	0.009619187364968793
3	TCGA-A2-A0SW	0.007725853403329591	0.15342705690537795	0.06949319520242485	0.7422320496908115	0.02712184479805635
2	TCGA-A2-A0T5	0.0004277400742246913	0.00836807387588003	0.9324920084241642	0.05580278137860055	0.0029093962471306322
1	TCGA-AR-A0TX	0.020023948182989484	0.5102287598862248	0.2457910028323128	0.09219590363626694	0.13176038546220575
2	TCGA-B6-A0RO	9.94516745976657e-05	0.0006681296061796671	0.9333963319744688	0.064954058351909	0.0008820283928449325
2	TCGA-B6-A0RP	6.152207765138134e-05	0.0004585763731989997	0.9516873970262116	0.04759832612174273	0.0001941784011951867
2	TCGA-BH-A0HI	0.0002250284819447241	0.00036180447516960074	0.9739612476636492	0.02526728691160065	0.00018463246763589055
2	TCGA-BH-A0HK	9.166167739806708e-05	0.0010248396476963512	0.8940973937505112	0.10453305789784884	0.00025304702654562676
2	TCGA-BH-A0HX	0.0006862468947282067	0.007709054992881642	0.2787686631443614	0.7102563614420405	0.002579673525988082
3	TCGA-BH-A0HY	0.00044537817776462135	0.01949884642866161	0.04578166795209067	0.9313087065370261	0.0029654009044569945
2	TCGA-A2-A0T7	0.008999513757206073	0.03859457700156759	0.80869184641913	0.0612231394377173	0.08249092338437929
0	TCGA-AR-A0TP	0.930527607140126	0.01491383598125688	0.0007648004423031845	0.001147233183450535	0.05264652325286327
2	TCGA-AR-A0TZ	0.000128804438641968	0.0003867642777765936	0.8610900247810902	0.13834242141068953	5.198509180149562e-05
1	TCGA-B6-A0RS	0.03884017641929165	0.5870944309508864	0.06411407971344216	0.08253757126083815	0.22741374165554154
0	TCGA-B6-A0RT	0.7866840101025965	0.04486597557367803	0.06088725867084503	0.009933834645144522	0.09762892100773582
2	TCGA-BH-A0HP	0.0004628474440593574	0.0018055429267208923	0.981838796992695	0.012148085198844074	0.0037447274376804715
2	TCGA-BH-A0W4	9.187301719732983e-05	0.00014816989019708905	0.9834247606579015	0.015697794406595376	0.0006374020281085377
0	TCGA-AR-A0U4	0.9445823727107115	0.01686538368978002	0.0025212821198504023	0.002956748427912372	0.03307421305174563
0	TCGA-B6-A0WX	0.7270220326525129	0.08693200744877864	0.009206615439366236	0.0064570341126356096	0.1703823103467067
2	TCGA-B6-A0WY	0.0033113411661482243	0.015710423694620754	0.8831742354778468	0.06641831211512733	0.031385687546256834
2	TCGA-A2-A0YF	0.00020821731423935927	0.0006389342368183415	0.8414254661200306	0.15762811563444293	9.926669446878345e-05
3	TCGA-A2-A0YT	0.0007040256362599981	0.011444126451404796	0.01203386632030335	0.9737280629842655	0.0020899186077658165
2	TCGA-AN-A0XS	0.0002503308946279678	0.0027669546667055864	0.8900769780618805	0.10575921183253205	0.0011465245442540274
2	TCGA-B6-A0WZ	4.053282044973227e-05	0.0014181465265603811	0.9698317973774996	0.028452765398091377	0.00025675787739893897
2	TCGA-AO-A12C	2.3546048321872855e-05	0.00025400078701910846	0.9423786065237653	0.05726318014806617	8.066649282758128e-05
2	TCGA-AO-A12E	0.00017938860223667608	0.0008738549885182336	0.9561503888789418	0.04135613236273542	0.0014402351675680575
2	TCGA-AO-A12G	4.458953523678617e-05	0.00034377065156931	0.9504111746142493	0.04897526804470734	0.00022519715423714045
2	TCGA-B6-A0X7	5.095726633153202e-05	8.290870966818132e-05	0.9876412900506287	0.011597496811751887	0.0006273471616195813
2	TCGA-A2-A0YC	9.461458618268683e-05	0.0006349481094747405	0.893070035352132	0.10604011826397305	0.00016028368823788714
2	TCGA-A2-A0YL	0.004806952730467616	0.013849894493460895	0.8936994713911093	0.018576161401007932	0.06906751998395402
2	TCGA-AN-A0XO	0.00016784504359501463	0.005404084235645781	0.8919096381566483	0.10146219644579345	0.0010562361183174358
2	TCGA-AN-A0XP	4.7442383560081026e-05	0.00035169259093377356	0.9532814106488416	0.04613759180211113	0.00018186257455321252
3	TCGA-AN-A0XR	3.678265496126367e-05	0.000256604324948051	0.6276966586272529	0.37192357406292653	8.638032991095455e-05
2	TCGA-A2-A0YI	0.0008120756948804855	0.0014270752601530583	0.978478539579042	0.014257545911696834	0.0050247635542277685
0	TCGA-AO-A124	0.9951810750241938	0.001865457225909921	3.440114814466671e-05	0.0006783364556939423	0.002240730146057501
2	TCGA-AO-A125	6.197348105267954e-05	0.00028090742302225785	0.886057876695071	0.11357162598492145	2.7616415932506954e-05
2	TCGA-AO-A126	1.9740026799098606e-05	0.0001254092668528136	0.9698612790052533	0.02984380317808862	0.0001497685230059902
0	TCGA-AO-A128	0.7893954205922027	0.07802002362956428	0.03546386224441793	0.01452770588264969	0.08259298765116528
2	TCGA-E2-A105	6.240310341565624e-05	0.0005059227173342836	0.5614630730035431	0.4378059775535189	0.0001626236221879796
4	TCGA-E2-A108	0.08913508908981271	0.17101593976099594	0.2126264127468809	0.03924781651475093	0.4879747418875597
3	TCGA-E2-A109	0.00016578373278268088	0.006202618638242389	0.041863484775942	0.9509794846931071	0.0007886281599258309
2	TCGA-E2-A10E	1.1357513400064576e-05	9.421774616801317e-05	0.9578949048984089	0.0419663130813395	3.320676068345332e-05
2	TCGA-E2-A10F	0.00019744677053814256	0.0009543867707250541	0.9836852461913399	0.014253909396838732	0.0009090108705583751
2	TCGA-AN-A0XL	0.0011908985767953666	0.0035420782374334723	0.8847677408982808	0.10405393937700314	0.006445342910487353
2	TCGA-AO-A12B	5.096186803916346e-05	0.0009792780692473308	0.9107394496961725	0.08803491056022783	0.00019539980631320676
3	TCGA-E2-A10C	0.0019856908261455756	0.023976495887255426	0.11748490804142904	0.8458786108841958	0.010674294360974137
3	TCGA-BH-A0W3	2.383869420832368e-05	0.00032315509949558337	0.694186104357407	0.30541220055011997	5.4701298768939646e-05
0	TCGA-A7-A13D	0.9637349162552264	0.013964814467679844	0.0007940995231580409	0.0021477871998257752	0.01935838255411005
0	TCGA-A7-A13E	0.9921734884315296	0.002936652705558948	9.649926001634427e-05	0.0008505963318787435	0.003942763271016477
0	TCGA-AR-A1AQ	0.9409574888507384	0.019680335110003482	0.003130182665029728	0.003707273130887708	0.032524720243340556
2	TCGA-AR-A1AX	0.053654379712886016	0.06037698915074882	0.7264872919723769	0.04426791787373884	0.11521342129024933
0	TCGA-AR-A1AY	0.9885512327374107	0.0025012580376800528	8.474609409947662e-05	0.00030373904060286593	0.00855902409020633
3	TCGA-BH-A0C3	0.00422983161705671	0.02043368220087589	0.8551743857157341	0.09376582190308437	0.026396278563249026
3	TCGA-BH-A0DD	0.00022832277864609792	0.0009576985184903643	0.026870797314533592	0.9717936217240031	0.0001495596643268822
2	TCGA-E2-A15J	1.8405195413838954e-05	0.0012292616237966787	0.7963364637102012	0.20227560028968108	0.00014026918090756383
3	TCGA-E2-A15K	0.0010670295826014286	0.007878357302498586	0.28837657043996595	0.7003025343982261	0.0023755082767075698
0	TCGA-E2-A1AZ	0.9306010501825114	0.020557838517855937	0.0025079152378719226	0.002740594904416718	0.043592601157343994
2	TCGA-E2-A1BC	0.00031332989899266123	0.0021694849424686367	0.9532201042144764	0.042450073988057696	0.0018470069560047348
0	TCGA-AR-A1AI	0.9732758226431667	0.014114611881312479	0.0009086928751500155	0.003125034188904191	0.008575838411466643
2	TCGA-AR-A1AS	5.5031759376366214e-05	0.006917247289439123	0.8576598360172223	0.13463938811299828	0.000728496820963751
2	TCGA-AR-A1AK	0.0008168784583056832	0.0040083058068888944	0.8925287735954519	0.0980950699432329	0.004550972196120322
0	TCGA-AR-A1AJ	0.8851638488690308	0.03941810351843781	0.013439939344319845	0.007301958395535455	0.05467614987267631
2	TCGA-BH-A0AZ	0.001036102473953315	0.004808755090851607	0.8836504805710945	0.10474385014562777	0.005760811718472601
2	TCGA-BH-A0B5	8.780406191455065e-05	0.0006095971498596076	0.8953823033552811	0.10375460875124981	0.0001656866816948779
3	TCGA-BH-A0BF	0.014935685355724955	0.1020849885016728	0.4990995081539201	0.3354471491290435	0.04843266885963836
2	TCGA-BH-A0DG	0.0022300530602235888	0.01521749969566495	0.9046226576982612	0.0666461302176931	0.011283659328156892
2	TCGA-BH-A0DI	0.00815136074901537	0.034376487764146514	0.860279244773223	0.039729211742568916	0.05746369497104572
2	TCGA-AR-A1AL	0.001128260122770084	0.0029998778569548653	0.9724932995153925	0.0175888558717822	0.005789706633100454
2	TCGA-AR-A1AV	6.20692087462804e-05	0.00033723823410838726	0.5580953374665919	0.4414495268634095	5.5828227143972666e-05
2	TCGA-BH-A0DV	0.005220038801035408	0.010567500865388399	0.9360039915821915	0.01945573043508513	0.028752738316299545
2	TCGA-E2-A1B4	2.535630148730779e-05	0.00021489733784061548	0.9296432838307719	0.07005800217118541	5.8460358714749215e-05
0	TCGA-AR-A1AR	0.9083613919847147	0.030473951620702235	0.0035159644761319922	0.004317153547978172	0.0533315383704731
2	TCGA-BH-A1EO	0.0002525008346067802	0.0030500374901512883	0.8888471692610371	0.10679478053552068	0.0010555118786841984
2	TCGA-BH-A1ET	4.8726635113806904e-05	0.00028347789774852236	0.9321679613387196	0.06737253913235877	0.00012729499605902445
1	TCGA-BH-A1EV	0.01801901785912965	0.7520631862782595	0.05191703818149313	0.07695577396089855	0.10104498372021894
2	TCGA-BH-A1EW	0.0015403516800675265	0.0144680185737881	0.6699026091967977	0.307529801127171	0.006559219422175695
0	TCGA-E2-A14N	0.84724182474039	0.04234005146553107	0.012806916309133413	0.004867070287193316	0.09274413719775208
2	TCGA-E2-A15I	0.0008984415111925513	0.006983939397229981	0.8096262902115585	0.1799438352560172	0.002547493624001772
2	TCGA-A2-A1FV	3.12648660739889e-05	0.00046633520833409906	0.6554085317238956	0.34402371122677033	7.015697492581321e-05
3	TCGA-A2-A1FW	6.528802617649487e-05	0.0007516468440810891	0.007840475855543316	0.9912286210233587	0.0001139682508405583
0	TCGA-A2-A1G1	0.9192706761162199	0.03318953911523097	0.004602603731818154	0.006124044161062679	0.0368131368756687
2	TCGA-E2-A1IN	0.00016830223010119602	0.0018978145467478647	0.7271083615797622	0.270145125529149	0.0006803961142399701
2	TCGA-E2-A1L8	0.00011434040587174686	0.002102018032896532	0.9497648978569182	0.047439611400100466	0.0005791323042127969
2	TCGA-EW-A1J2	0.0007796821545166357	0.004561360969809098	0.9658569741865676	0.02456355533775434	0.004238427351352434
3	TCGA-A2-A1G4	8.641062379833542e-05	0.0012810005771720819	0.701500953948805	0.29677020892096584	0.0003614259292590867
4	TCGA-AO-A1KO	0.1834947232463163	0.15552519925283975	0.07727210779906182	0.026211365809320618	0.5574966038924618
3	TCGA-AO-A1KP	0.00012374038126580544	0.0004431892003169883	0.3642613702767607	0.6351152675353976	5.64326062590647e-05
3	TCGA-AO-A1KT	0.0016686267103796552	0.023535151673703975	0.025857710750688295	0.9423740032582785	0.006564507606949984
2	TCGA-BH-A1EX	0.011241809784566561	0.4408718241328046	0.24341279359136184	0.23637179291374041	0.06810177957752653
3	TCGA-BH-A1FD	0.00038710965956044343	0.01428823720837379	0.6210920619509341	0.3614268805525078	0.0028057106286243326
2	TCGA-C8-A1HE	1.4661517288698514e-05	0.000498086939636199	0.9548607111780202	0.04454087243056968	8.566793448500566e-05
3	TCGA-D8-A1JD	0.0014620757673533156	0.016195762330570233	0.2628665773788373	0.713228526949292	0.0062470575739472815
0	TCGA-D8-A1JL	0.9277731226713929	0.020551866183875434	0.002788274954738678	0.0031757042143918677	0.04571103197560132
2	TCGA-E2-A1IE	6.819768435206194e-05	0.0003914494840175012	0.8945895596892097	0.10483043031676752	0.00012036282565305791
3	TCGA-AR-A1AW	0.05118008652670611	0.15101303107529185	0.4818426037913645	0.21422043341587704	0.10174384519076052
2	TCGA-BH-A0BT	0.0008965677929446543	0.06301627890879492	0.18668258609859717	0.7415778797429565	0.007826687456706888
2	TCGA-BH-A0H3	0.0006033751031359858	0.003559170347295951	0.9582679031048631	0.03399735854595147	0.003572192898753581
2	TCGA-BH-A0HA	7.360267419727847e-05	0.0004477252112805423	0.8932617719668635	0.10611445078260855	0.00010244936505034642
2	TCGA-A1-A0SQ	0.00010236568460888182	0.0021388373048302936	0.6295889924089187	0.36781185594221755	0.0003579486594244886
2	TCGA-E2-A1IF	0.008849812314820498	0.03394265609222742	0.837707995351174	0.031423143843720955	0.08807639239805728
2	TCGA-E2-A1IO	0.002280835022971846	0.02140890261412673	0.8642577609038008	0.09852790240104302	0.013524599058057514
2	TCGA-E2-A1LA	0.003529535567885995	0.021072573781684315	0.40207013040557144	0.5636243245700491	0.00970343567480912
1	TCGA-E2-A1LB	0.01746498039697372	0.6748933438483216	0.07424878969044346	0.12177143070398844	0.1116214553602729
0	TCGA-E9-A1N8	0.9938634154989107	0.001237035248391988	2.6979495797775174e-05	0.00013956421116683614	0.00473300554573274
3	TCGA-EW-A1OZ	0.0005903836149006725	0.04976918571009393	0.1996681405016623	0.7443130491249254	0.0056592410484174824
0	TCGA-EW-A1P4	0.9178842927363939	0.02693083733146898	0.0054690922978464195	0.004805385761521431	0.044910391872769274
2	TCGA-EW-A1P5	0.00011633269482523643	0.0014418697004703325	0.8958492538836393	0.10221187128039423	0.0003806724406710367
0	TCGA-BH-A1F0	0.8182729680764604	0.059506412169757356	0.03343228567622626	0.009241925228813707	0.07954640884874206
1	TCGA-C8-A1HF	0.009127198340567865	0.41907169999040406	0.14593724764906543	0.36119024054562887	0.06467361347433373
3	TCGA-C8-A1HG	0.013563350837059243	0.22292211488857008	0.0447142303621105	0.6720838138415637	0.046716490070696386
2	TCGA-C8-A1HI	0.001334372666103183	0.01269770363290473	0.8743819746216013	0.10215271616833269	0.009433232911058173
3	TCGA-C8-A1HL	0.000321703911422442	0.007290717661037813	0.01686001036842401	0.9746094095334851	0.0009181585256308128
3	TCGA-C8-A1HM	0.0016541701033616887	0.021540071516764164	0.036809689707473774	0.9357014068334852	0.0042946618389151855
3	TCGA-C8-A1HN	0.0006554648726433531	0.004389989739790149	0.031640650754205565	0.9622811794996449	0.0010327151337163176
2	TCGA-BH-A0H7	0.00030394734584238576	0.004011209263820776	0.4626347763218614	0.5319440756390481	0.0011059914294271882
2	TCGA-D8-A1JS	3.878470032285989e-05	0.00033779528019815477	0.9051527726542917	0.09442152588527797	4.91214799094872e-05
2	TCGA-E2-A1IH	0.001115609433904718	0.013801254068150276	0.8383080607763903	0.14131470324469914	0.005460372476855378
2	TCGA-E2-A1L9	0.0003525707031145212	0.009664653704136507	0.9389997884171472	0.048658793872684875	0.00232419330291691
2	TCGA-EW-A1J3	7.402426588816231e-05	0.0007208849795750055	0.8949398998282488	0.10411661588839491	0.00014857503789288666
2	TCGA-EW-A1J5	0.00028140462481713956	0.002910309676683998	0.8536271229127442	0.1425125387313783	0.0006686240543765268
0	TCGA-BH-A1F6	0.9033349773359249	0.03363041951462805	0.0051531293589062365	0.0036907004782392792	0.05419077331230131
2	TCGA-D8-A1JU	0.00204844831569676	0.006698309506671466	0.9580502869745223	0.018806306189353902	0.014396649013755326
2	TCGA-EW-A1IW	0.0008986066551471989	0.010313262689955364	0.8861132845234112	0.09626577387542294	0.006409072256063361
3	TCGA-EW-A1J6	0.0013957498167408923	0.012132965034140353	0.041475215598477916	0.9409247172978323	0.004071352252808518
2	TCGA-A1-A0SG	0.0004613192655868262	0.006845264082071206	0.8658223422978515	0.12456776802083525	0.0023033063336553006
3	TCGA-A1-A0SI	0.004180733655890886	0.1051070702764564	0.6000862792662935	0.26297745747183054	0.02764845932952895
3	TCGA-A1-A0SN	0.0019048548160169097	0.02185019408616012	0.27086099132754404	0.6964631589930524	0.008920800777226826
0	TCGA-AO-A1KR	0.8481552537589515	0.07752112338174152	0.005665508731137472	0.008448335386485643	0.06020977874168387
0	TCGA-E2-A1II	0.9086118965479069	0.03340777794993753	0.009097577945726368	0.006471620322608586	0.042411127233820504
2	TCGA-E2-A1IK	0.00963933889396181	0.028661785728632233	0.8669934903579288	0.038655863270237345	0.056049521749240085
0	TCGA-E2-A1LL	0.31403095980669016	0.4009527373561012	0.04606194317670208	0.0345570684977797	0.2043972911627271
2	TCGA-A2-A1G0	0.0007911327135370771	0.005106729038887311	0.9215483497028802	0.06777922456950403	0.004774563975191514
1	TCGA-BH-A1EN	0.01500139527958298	0.6532357133516923	0.07764079292281784	0.16485125594694397	0.08927084249896282
0	TCGA-BH-A1FC	0.9513273391111193	0.015442744870684583	0.001472889891381935	0.0020502960905200546	0.02970673003629385
3	TCGA-D8-A1X5	0.0008921919453204249	0.01828987065025545	0.052414343410751636	0.9252130554832206	0.00319053851045194
2	TCGA-D8-A1XA	4.588089063026191e-05	0.0004925041824590937	0.7772119257972563	0.22211958608891852	0.0001301030407360198
2	TCGA-D8-A1XB	0.0001921469064129186	0.002617787673111885	0.9352524656096374	0.06079677310796786	0.0011408267028697114
2	TCGA-D8-A1XC	7.835308394206674e-05	0.0009761236469532	0.8931702238754848	0.10560195774999005	0.0001733416436300952
2	TCGA-D8-A1XD	0.00011667289057223054	0.0017470243478489383	0.8915478766586821	0.1059760850234463	0.0006123410794504458
3	TCGA-D8-A1XF	0.00022388279750364416	0.0029905374983051304	0.10138525809322811	0.8946891213924378	0.000711200218525441
2	TCGA-D8-A1XG	0.0017188837199486114	0.006271840344549404	0.9373517191169956	0.027830945889293128	0.02682661092921343
0	TCGA-C8-A1HJ	0.9867627136359455	0.0036633830612443456	0.00020990728161981924	0.0006191675270710382	0.008744828494119143
3	TCGA-D8-A1JE	0.0007674310569152022	0.0027492916489004976	0.8751719264594346	0.1176744932925627	0.003636857542187098
1	TCGA-D8-A1JF	0.024645775761783027	0.6694701897274633	0.06301991542632143	0.09405195112204119	0.14881216796239122
0	TCGA-D8-A1JM	0.952549234151609	0.02445702722928085	0.0009755854945355956	0.003922532846834082	0.01809562027774058
2	TCGA-E2-A1IL	6.971594825321127e-05	0.000849834813886456	0.91647257149392	0.08232937256257533	0.00027850518136479554
0	TCGA-E2-A1LK	0.9869626125646994	0.007566925405698297	0.00016844306614997195	0.0012497640583238835	0.004052254905128303
2	TCGA-E9-A1N5	0.0002082474831956639	0.0017418704739692033	0.906966299378726	0.09028256534159365	0.0008010173225154192
1	TCGA-EW-A1OV	0.032657949699670084	0.5964632961845225	0.08920300379990356	0.14420300180306814	0.1374727485128356
0	TCGA-EW-A1OW	0.9874987570780055	0.004108638812380637	0.00010155114921029226	0.0007911302038879157	0.007499922756515891
3	TCGA-EW-A1OX	0.00010407522554899153	0.0019024243346584284	0.04251810523642541	0.9551556689666478	0.00031972623671932106
3	TCGA-EW-A1P0	0.0003480645515351006	0.003307896669873665	0.06321912049605197	0.9322467678511064	0.0008781504314328214
2	TCGA-BH-A1FR	0.0013006050052304175	0.013535894268830643	0.8734138546166282	0.10474816047709655	0.007001485632214051
2	TCGA-D8-A1JP	0.0014117749827207366	0.017612094164286912	0.6104898786340408	0.36173135195355377	0.008754900265397677
3	TCGA-AO-A1KQ	0.0013856043821440552	0.008145309690401389	0.06984429694923125	0.9164376433707865	0.00418714560743712
2	TCGA-BH-A1FG	0.00011271598309511833	0.0004444158574168612	0.875635854471383	0.1236649501800201	0.00014206350808477868
3	TCGA-A2-A0YG	0.0007017709898657297	0.04649818029680792	0.04922057337784686	0.8977961407256843	0.005783334609795418
3	TCGA-A2-A0YH	0.0179148248656109	0.05951003261949261	0.0974982447687169	0.7543187909475204	0.07075810679865968
3	TCGA-BH-A1FN	0.007410115170922154	0.10217293267870689	0.04093843495336923	0.8124329839625888	0.03704553323441301
0	TCGA-B6-A1KF	0.9239851239195284	0.03081436123610822	0.0012505132437546252	0.003642399460432147	0.04030760214017682
1	TCGA-C8-A1HK	0.00881007590678014	0.5280506553711248	0.0178295429841325	0.380758504075628	0.06455122166233479
2	TCGA-D8-A1JB	0.019978914671338964	0.04272896558199782	0.7873551917278389	0.0423535205503844	0.10758340746844047
3	TCGA-D8-A1JI	0.00010054249941771317	0.0005210545862833384	0.4835610633063638	0.5157369192492652	8.042035867001944e-05
0	TCGA-D8-A1JK	0.11651286180896026	0.5575794009184892	0.040881260703915796	0.05707616125043834	0.22795031531819634
2	TCGA-D8-A1JN	0.0008692968346122825	0.05055486087638853	0.7272738874359506	0.215219172045833	0.006082782807215229
4	TCGA-EW-A1P7	0.7790268431689251	0.06068660513092817	0.02835120405333872	0.009863927581317003	0.12207142006549095
0	TCGA-EW-A1PB	0.9340909935927848	0.02875025405833328	0.004037676632576242	0.004172325647042191	0.02894875006926362
2	TCGA-EW-A1PD	0.000796199298992547	0.004660956882019146	0.7634363606140258	0.2265427865964817	0.004563696608481049
2	TCGA-EW-A1PE	0.0003756549202683634	0.0036292075925295985	0.8778498557671022	0.11698084779282093	0.0011644339272787467
2	TCGA-EW-A1PF	0.003937577800725087	0.021995271370955326	0.882678420409338	0.06643030857640356	0.0249584218425781
4	TCGA-A1-A0SB	0.6099539715437798	0.07449947731734781	0.0073890372163785975	0.005222098217245955	0.30293541570524796
2	TCGA-A1-A0SF	0.0008685217267385387	0.008383593910355255	0.8807352200043824	0.10510767976883129	0.004904984589692427
2	TCGA-E9-A1R6	2.1744827894492806e-05	0.00018298737224915122	0.8243505190105112	0.1753881629151412	5.658587420387215e-05
2	TCGA-E9-A1RA	0.002708889677811069	0.013482278895128312	0.8799804098977301	0.09298818021591698	0.010840241313413617
4	TCGA-EW-A1P1	0.12839868500910787	0.15325869752944188	0.23066115823291414	0.02812316587612885	0.45955829335240733
3	TCGA-D8-A1J8	0.0003998298138134907	0.010115114872680981	0.7628600054422587	0.2244168733088516	0.0022081765623953704
3	TCGA-D8-A1J9	0.0018197113547639653	0.10206259559333636	0.27041669934315093	0.6119909328597529	0.013710060848995724
1	TCGA-D8-A1JA	0.018510032623489627	0.7400647084019207	0.03504943195485992	0.10427963485682079	0.10209619216290884
3	TCGA-D8-A1JC	0.002104400507105204	0.031899545749737294	0.05153222943367202	0.9054942350327696	0.008969589276715744
3	TCGA-D8-A1JT	7.830625630349547e-05	0.0012107859023244196	0.04956346706411903	0.9489615787320851	0.00018586204516808842
2	TCGA-E2-A1L6	0.0007161714238390311	0.003925769112889177	0.9373604965147738	0.051396452066687366	0.0066011108818106465
3	TCGA-EW-A1IY	0.005446964507329105	0.065796132520022	0.7704309432911934	0.13004816554652024	0.028277794134935284
2	TCGA-EW-A1J1	0.00017183210836609864	0.001338137420760377	0.6019070180470035	0.39619334254421756	0.0003896698796525944
3	TCGA-A2-A1FX	0.0003887175124137092	0.002694979403109353	0.3464088036661234	0.649533294313874	0.0009742051044794855
3	TCGA-AO-A1KS	0.0007300224610427717	0.014428052558860052	0.12238368694373308	0.8586559078013848	0.0038023302349794266
3	TCGA-B6-A1KN	0.0011049494880406103	0.02669071135523698	0.03763187406128301	0.9293851895955921	0.005187275499847384
2	TCGA-BH-A1F5	0.00011375778103172401	0.00036247038742000064	0.8674320799287116	0.1320377777817511	5.39141210856207e-05
2	TCGA-AC-A23E	0.00017056926903806627	0.0015910510770179253	0.9079193161676467	0.08951105076158594	0.0008080127247115039
2	TCGA-BH-A0W5	0.008062691889105966	0.017126697173154258	0.896222140347383	0.05143315769341193	0.027155312896944887
0	TCGA-BH-A0WA	0.932022450686821	0.013175019319091538	0.0005604508827112044	0.0010176319820543486	0.0532244471293218
2	TCGA-E9-A22B	0.000681099260198077	0.0038079681739452017	0.6683698135582237	0.32464481490953295	0.002496304098100487
3	TCGA-E9-A22E	0.008281316350902223	0.08025496726034807	0.37915685375474717	0.4968926136800551	0.035414248953947604
3	TCGA-E9-A22H	8.418011531250856e-05	0.0007826084442379613	0.8257891552100637	0.17312481584305744	0.00021924038732851393
1	TCGA-AR-A254	0.008738279570312141	0.2734016687545815	0.29635969861653577	0.3601799699458163	0.06132038311275423
1	TCGA-C8-A278	0.029623023088223323	0.6275779222143314	0.07868483384616749	0.11930977594660787	0.14480444490466976
2	TCGA-E9-A1QZ	0.022088477492617282	0.0377293729051915	0.8240618931439582	0.052919093577943145	0.06320116288028987
2	TCGA-B6-A1KI	0.00046566436160778914	0.0018786565373419334	0.9593699625801863	0.03577813974074615	0.0025075767801178805
2	TCGA-D8-A1XM	0.0009986029829985995	0.00848658324009649	0.8963362415199776	0.08913201736062662	0.005046554896300876
2	TCGA-D8-A1XU	0.0004528520776886853	0.004814998938045773	0.7916218257659464	0.20112813262775334	0.0019821905905656224
2	TCGA-D8-A1Y0	0.0005067469214117116	0.002667842978040355	0.8874475483651612	0.10733152989162131	0.0020463318437654826
2	TCGA-E9-A1R3	0.0026186441792784613	0.015195042615027	0.8483141708256516	0.1164642137067381	0.01740792867330465
0	TCGA-E9-A1N9	0.0069638926663617325	0.2810471680164085	0.1773323187099608	0.4831571300341233	0.051499490573145665
3	TCGA-E9-A1NF	0.0028272114408866237	0.12001690162580272	0.5506592849774131	0.3062264123269294	0.02027018962896841
2	TCGA-E9-A1NH	0.0001584885640344846	0.0031711623326656354	0.9125880126307425	0.08324722897027931	0.0008351075022781545
3	TCGA-E9-A1NI	0.00010384451678703881	0.0013606211944547583	0.5602767568116899	0.43801530635646135	0.00024347112060712502
3	TCGA-E9-A1R4	0.006766842241569741	0.044337541673688696	0.5125563794822104	0.4106839613918787	0.025655275210652428
4	TCGA-A2-A0YK	0.00529834701361175	0.01815320915128868	0.8832496180156952	0.036428587314695525	0.0568702385047085
0	TCGA-AN-A0XU	0.9759079643289029	0.0060567747682907045	0.0003459106065874624	0.0008020037447408132	0.016887346551478312
2	TCGA-AN-A0XV	0.0004116464153375038	0.006527136120759736	0.8371139300166557	0.15456462325838624	0.0013826641888608875
2	TCGA-AN-A0XW	0.0010929232681387787	0.003746157475235971	0.9418028972900224	0.04712916469191691	0.006228857274686286
0	TCGA-AR-A0TU	0.9580512734179044	0.014259360723030648	0.0019746570194415654	0.002736701683445053	0.02297800715617834
0	TCGA-AR-A0U0	0.8747715961488713	0.06407447518589714	0.006073021024465728	0.00891649058990321	0.04616441705086268
2	TCGA-E9-A1N3	0.00016943118746714968	0.0009736298915936395	0.8926354755522647	0.10582006018963072	0.00040140317904362914
2	TCGA-E9-A1RC	0.00010938914666963644	0.0032631522540236936	0.6899780444955695	0.30610534135166645	0.0005440727520704052
2	TCGA-E9-A1RD	6.948215213312573e-05	0.0007466489810270247	0.9292031804325793	0.0697728624231468	0.00020782601111384561
3	TCGA-E9-A1RE	7.303634025159924e-05	0.0010841198252055737	0.047947199474404796	0.9507118835771459	0.00018376078299231428
2	TCGA-E9-A1RF	0.002233355694059912	0.024856370141660384	0.4171953021794039	0.546879425048462	0.008835546936413568
3	TCGA-E9-A226	0.0011562842411294374	0.010375712019826705	0.6752558950522013	0.307546109338896	0.005665999347946548
2	TCGA-E9-A227	0.0014529392136841306	0.006721946866965622	0.8806760159991754	0.10522370975300635	0.00592538816716875
3	TCGA-E9-A228	0.0010380650992636662	0.013156429916407171	0.13822752534445107	0.8438876869953518	0.003690292644526315
2	TCGA-E9-A229	0.0003001399900044154	0.0020226065731720755	0.9072513150339326	0.08927440670511615	0.0011515316977744581
3	TCGA-E9-A22A	0.007439581868207025	0.028154671305818255	0.7842766573273676	0.1523136879291331	0.027815401569473968
2	TCGA-AR-A24X	0.00024132834490701624	0.002637755152551689	0.8658940764076825	0.13049302366304205	0.0007338164318168695
3	TCGA-AR-A24Z	0.00010451748564385444	0.0026128756389381213	0.03457612719534398	0.9623608455117535	0.0003456341683205105
3	TCGA-AR-A250	0.000577661932189406	0.01453451599535418	0.09387417719576042	0.8885274853018593	0.002486159574836657
0	TCGA-AR-A251	0.9750276190320011	0.006852722922998162	0.00041391384654141994	0.001078846000286277	0.01662689819817338
2	TCGA-AR-A255	0.0006790603305993536	0.007901092547996898	0.7183585448687777	0.27020023695970846	0.0028610652929174987
0	TCGA-AR-A256	0.9949981982140951	0.001873098791782068	3.251438480570591e-05	0.0006346104147537474	0.0024615781945633883
3	TCGA-AR-A0U2	0.0016298312208946695	0.02866515972696902	0.011306745768134818	0.9520360651198866	0.006362198164114889
2	TCGA-AR-A0U3	0.00012197241165935583	0.0008229548115535387	0.8660374457682315	0.13289804643383565	0.00011958057471984991
2	TCGA-B6-A0WT	7.553592308787992e-05	0.0007681478012951453	0.929992808402671	0.06892668340227692	0.00023682447066906352
3	TCGA-B6-A0WV	0.00017962264557223206	0.0008980079219728423	0.4259462820076812	0.5725965105455505	0.000379576879223521
3	TCGA-B6-A0WW	0.00032845390706645237	0.005071974949126533	0.2602093959230778	0.7334398055516341	0.0009503696690950267
2	TCGA-B6-A0X4	1.6305370908640797e-05	6.463889542774844e-05	0.9577720750793112	0.04207574327191333	7.123738243906415e-05
3	TCGA-B6-A0X5	0.0009710290629362656	0.012745070001649317	0.005739573558029646	0.9771454327308161	0.003398894646568577
3	TCGA-BH-A209	0.03954176530479959	0.18791824147939307	0.4731374193081268	0.19541378672575196	0.10398878718192868
3	TCGA-D8-A1Y2	0.02986373852950316	0.13004056968931674	0.3965407597513253	0.3517032740349927	0.09185165799486178
0	TCGA-E2-A1LI	0.9711290493398002	0.009327166873848257	0.0008643098551272354	0.001815002644234956	0.016864471286989664
3	TCGA-A2-A25B	0.0003763317585104899	0.006685226787720922	0.07451720887778453	0.9171717263628637	0.0012495062131203634
3	TCGA-A2-A25C	0.0005044899799305471	0.005816030959873972	0.8266425563126968	0.16537317353302264	0.001663749214476345
3	TCGA-A2-A25E	0.0005743770974162076	0.004735010937726968	0.38686442812536304	0.6061636597627336	0.001662524076759978
0	TCGA-A2-A25F	0.6421659326619625	0.07254351273435168	0.10691223633165498	0.016519928166751574	0.16185839010527947
2	TCGA-A7-A26E	7.857403984835427e-05	0.0014019543298616041	0.9342235533283348	0.06394514901315226	0.00035076928880263037
0	TCGA-A7-A26G	0.8570907717194769	0.05142912758948578	0.006798634081293255	0.007334037267858823	0.0773474293418852
2	TCGA-A7-A26H	0.00033041436857477493	0.0033198468319210876	0.7617335732141196	0.23339137960139514	0.0012247859839894187
2	TCGA-A7-A26J	0.00013326773412607396	0.0012206950079757975	0.6449525057026968	0.3532625082050946	0.00043102335010687806
3	TCGA-AR-A24H	0.0002681122815170383	0.005867443094780984	0.009228688536276276	0.9837980683041311	0.0008376877832949974
3	TCGA-AR-A24K	0.00018518610508733234	0.0022083959922170777	0.29954322359338886	0.6977270334029729	0.0003361609063337161
2	TCGA-AR-A24L	0.0007039025211553991	0.003774784137973562	0.8879643557411713	0.10345575442638309	0.004101203173316941
2	TCGA-AR-A24M	4.578914918438149e-05	0.0005254938430334228	0.955027695861254	0.044200439529290945	0.00020058161723743848
0	TCGA-E9-A243	0.8416531780376172	0.06854864396375616	0.017602858721183324	0.012765629309002149	0.05942968996844117
0	TCGA-E9-A244	0.934665689031688	0.016348479513620954	0.0012243979980174893	0.0020754914339666643	0.04568594202270659
2	TCGA-E9-A247	3.1349981459015446e-05	0.0013576915359231488	0.745279053139808	0.2531465808096587	0.00018532453315113373
3	TCGA-E9-A249	0.0003844348497419358	0.004359042310221681	0.8188355256522482	0.17551756820707054	0.0009034289807177435
2	TCGA-AQ-A0Y5	0.0020327621454120904	0.10108942197144365	0.6483124915714211	0.2288446940417468	0.019720630269976242
2	TCGA-GM-A2DN	0.01055868423567398	0.03384099365370114	0.8493351513691954	0.06672685252371721	0.03953831821771206
2	TCGA-GM-A2DM	0.00024930772314723176	0.0004040546054480378	0.9722163784445088	0.026292216792668344	0.0008380424342276225
2	TCGA-AR-A24O	0.0030841254643485428	0.01007103313657326	0.9378302904609932	0.033150546667837795	0.01586400427024736
2	TCGA-AR-A24P	0.0004465491903576489	0.005750831397015542	0.8855155490553451	0.10601615088905528	0.0022709194682262865
0	TCGA-AR-A24Q	0.9701082016589929	0.008199452412103944	0.000669862261762578	0.001495269188918698	0.019527214478222043
3	TCGA-AR-A24R	0.00031967982948069237	0.004051825453013566	0.48389032525282943	0.5108139337414837	0.0009242357231925757
3	TCGA-AR-A24S	0.01921647335330148	0.271964731399528	0.10014444271897115	0.5344177416836512	0.0742566108445479
1	TCGA-AR-A24U	0.1746525462789599	0.46356289601490164	0.09238294372241536	0.04775124541920551	0.2216503685645178
2	TCGA-AR-A24V	0.0008577299107415197	0.008652892159218441	0.5359905774101986	0.45071281997364376	0.0037859805461974197
3	TCGA-BH-A202	0.018720972842362852	0.5059072519782636	0.05736417633097153	0.31488281125080453	0.10312478759759776
3	TCGA-D8-A1JJ	0.004262671216224746	0.05994661083891718	0.2458279633823042	0.6699063213549512	0.020056433207602673
3	TCGA-D8-A1X6	0.00024458209672096774	0.0027227829134642096	0.2366575099709371	0.7598652616277083	0.000509863391169336
3	TCGA-D8-A1X7	0.0011996338717939696	0.03164868899573089	0.4732458400214773	0.48680777602778724	0.007098061083211068
2	TCGA-D8-A1X8	0.00022464434678830546	0.0015544990149059879	0.9317622462484859	0.06539343716065707	0.001065173229162471
1	TCGA-D8-A1XJ	0.014963674259664836	0.6272813368997918	0.04276526530428349	0.22025785976006065	0.09473186377619894
2	TCGA-BH-A1FB	0.03797121505299432	0.05676365236662384	0.7062796343401523	0.023536893934957476	0.175448604305272
2	TCGA-BH-A1FH	0.04416982081786277	0.1156913547801362	0.44374647489102753	0.030721258037436007	0.3656710914735373
3	TCGA-BH-A1FJ	9.428871151175555e-05	0.0005838825020875438	0.46877712289834617	0.5304711645140785	7.354137397655439e-05
3	TCGA-BH-A1FM	0.00036292749422541046	0.0036357808167835925	0.05212849768005347	0.9424807270480351	0.0013920669609022106
1	TCGA-BH-A203	0.023662534052920004	0.6289564507906246	0.05886025619615795	0.14986004433347508	0.13866071462682275
3	TCGA-C8-A27A	0.0007530783010306682	0.023854228004831994	0.006640794743138901	0.9657471807272382	0.0030047182237604637
1	TCGA-E9-A1RH	0.0634800228356821	0.5639884627597936	0.04556145985928024	0.049150091911480814	0.27781996263376296
2	TCGA-E9-A1RI	0.0002179000380184957	0.001408699521503573	0.970872522394701	0.026337857748291366	0.0011630202974854517
3	TCGA-BH-A204	0.000247443097772477	0.0008339284870064653	0.0299492983873088	0.9688371964760697	0.00013213355184248484
4	TCGA-BH-A208	0.31429381177453086	0.30255018334920303	0.0214974399005984	0.018334225797792075	0.34332433917787575
2	TCGA-AC-A2B8	0.0007683295389171136	0.006114823396212045	0.883377857578114	0.10635291172733724	0.003386077759419504
1	TCGA-C8-A26X	0.06925708186364803	0.5971466036434033	0.07890781141497866	0.06720838878175253	0.18748011429621744
1	TCGA-C8-A26Y	0.055426049635599176	0.6094576205683776	0.07854974541914944	0.06660531439708181	0.18996126997979182
2	TCGA-C8-A26Z	0.00017041429427496133	0.002567510669239389	0.3035975376563939	0.6933322332844123	0.0003323040956794503
2	TCGA-C8-A273	0.00022783287449316882	0.003511981988809389	0.6905629824421202	0.30477136434591295	0.0009258383486643027
3	TCGA-C8-A274	0.0001371865265635459	0.014711926872558076	0.3444984397857272	0.6391755982026216	0.001476848612529527
1	TCGA-C8-A275	0.021153599819547994	0.660788441425283	0.046825882111032884	0.16706398914748008	0.10416808749665592
2	TCGA-D8-A27E	0.002477440741665125	0.00788717692990366	0.9378105513594962	0.02388609987918182	0.027938731089752967
0	TCGA-D8-A27F	0.9915060176466524	0.0020501917106759745	8.994781850110309e-05	0.0003697275326992088	0.005984115291471633
2	TCGA-E9-A1R5	0.00047455385729143127	0.011478206952536617	0.4755239036970391	0.510196227693591	0.0023271077995414796
3	TCGA-E9-A1R7	0.0008377466631270967	0.008660107822035044	0.2484215211257857	0.7391256185884715	0.002955005800580827
0	TCGA-EW-A1PH	0.9936678872185516	0.0030998201080044167	5.509690710882297e-05	0.0009153928671419878	0.00226180289919311
4	TCGA-AC-A2FK	0.13568755487868958	0.15411220319937696	0.13934036324502164	0.03307473695243345	0.5377851417244783
2	TCGA-AC-A2FO	0.0040199339073321945	0.01803552863810655	0.8677767488067216	0.09241581688350795	0.017751971764331718
2	TCGA-AR-A2LE	0.0002165513672188499	0.0027221670120308327	0.8044839016136686	0.19174342745074102	0.0008339525563404316
2	TCGA-A2-A259	0.0016767130695244734	0.007129835704658236	0.9380446345248066	0.0423562778158794	0.010792538885131297
2	TCGA-A2-A25D	0.002852565222218945	0.025359843648312626	0.455101893861931	0.5055250574695824	0.011160639797955455
2	TCGA-BH-A28Q	0.00010531353111167508	0.0024433136349677593	0.890294326536381	0.10670427169164805	0.0004527746058915168
3	TCGA-C8-A26V	0.00017977587479247155	0.006339999868290017	0.680988315918531	0.3114906079520483	0.0010013003863382072
3	TCGA-C8-A26W	0.0020619082954043025	0.026778121432649155	0.6534823495353376	0.30850204471964376	0.009175576016965295
2	TCGA-AC-A2FB	0.02568818395682768	0.040508861997375564	0.8317064697934646	0.03916996129507834	0.06292652295725372
2	TCGA-AC-A2FF	0.022042868313083157	0.04673596011737052	0.758519601951442	0.018189423530936066	0.1545121460871683
2	TCGA-D8-A27V	0.0002968160772245283	0.0030496043447544876	0.9204741201316506	0.07472486585523244	0.0014545935911378241
2	TCGA-EW-A2FS	0.0031572870623269383	0.03103700120655871	0.765747132740046	0.18573316313868196	0.014325415852386317
3	TCGA-EW-A2FW	0.0001595163302137228	0.0008382724281648203	0.39349174126379577	0.6053478414512562	0.0001626285265698581
2	TCGA-D8-A1XY	0.0047385568062968215	0.03173141676200069	0.5093913819721405	0.43112850144822457	0.023010143011337685
0	TCGA-E2-A1LG	0.8983132246674657	0.03872090218686909	0.0018480587533868298	0.005969512106327717	0.05514830228595076
2	TCGA-E9-A1N4	0.0009928925174398574	0.0035996767117312317	0.8921676255214421	0.09888331712254421	0.004356488126842617
2	TCGA-E9-A1NE	0.03283568338437671	0.036719210741825076	0.8011415519652462	0.03257010946848052	0.0967334444400711
2	TCGA-E9-A1NG	0.014870311721114717	0.026345608818975127	0.8537441085063566	0.03230326992607973	0.07273670102747351
3	TCGA-AR-A2LK	0.00016901045034929587	0.0017460521401422124	0.09155767350789377	0.9060791464360696	0.00044811746554506874
3	TCGA-AR-A2LL	0.0004985453307705478	0.004600089519782405	0.42141622213668734	0.5720765649947223	0.0014085780180374482
2	TCGA-AR-A2LM	0.00022440296810513727	0.0013038690445280683	0.9815699583281191	0.01555571728094691	0.0013460523783006115
3	TCGA-E9-A2JS	0.0007643661692578157	0.012519014328688247	0.09897618673423926	0.884784337399385	0.0029560953684297075
4	TCGA-GM-A2DD	0.040685990655077074	0.5946715380232745	0.1035874798852687	0.055428597917632536	0.20562639351874717
0	TCGA-GM-A2DF	0.8465480961323033	0.06701971863858339	0.013044015573647913	0.008484763219899891	0.06490340643556525
2	TCGA-GM-A2DK	0.0009633005468064586	0.006041851842647981	0.9036530030956051	0.0847525879975467	0.004589256517393761
2	TCGA-D8-A27G	0.0008397871681150607	0.013778273398427389	0.8773147572852239	0.10388266735282901	0.004184514795405105
2	TCGA-D8-A27I	0.008614740809964043	0.01638017015820847	0.8973319771038061	0.019705700924977757	0.057967411003043964
2	TCGA-D8-A27K	0.0007923943719229635	0.011631272087695708	0.9239236520899424	0.05854605546843467	0.005106625982004241
2	TCGA-D8-A27L	0.00351513516655607	0.016556654963181282	0.891484130321262	0.06759234807931278	0.020851731469687752
0	TCGA-D8-A27M	0.9012303239788227	0.033580041382023335	0.009081491502056144	0.006285955162191358	0.04982218797490667
2	TCGA-D8-A27P	0.0003983072122445316	0.0021738463590789403	0.9710426868224824	0.023934247454126183	0.0024509121520680265
3	TCGA-D8-A1XL	0.0015874898651143737	0.018962540931811364	0.34801369061808196	0.6257564535587031	0.005679825026289197
2	TCGA-D8-A1XO	0.00022468763157874321	0.0019817922012196052	0.9505592712097304	0.04607077933975855	0.0011634696177127333
3	TCGA-D8-A1XR	0.00019237294944416693	0.001886869913695542	0.6183647550536923	0.3789674524763609	0.0005885496068073152
3	TCGA-D8-A1XS	0.0006032924544182368	0.004443397515015683	0.2017466231556338	0.7913636162822135	0.001843070592718754
2	TCGA-D8-A1XV	0.000123554320884159	0.002367446629750126	0.8679125597865441	0.12924538258059642	0.00035105668222502255
4	TCGA-D8-A1XW	0.9730302683185718	0.006641064407815322	0.00022100507669198298	0.0010682687380997285	0.019039393458821396
2	TCGA-EW-A1P3	0.00023379015978004035	0.004722850928472889	0.8871515053695788	0.1067176315720966	0.0011742219700716196
2	TCGA-EW-A1P6	0.000633373635120014	0.00732980968846702	0.4857572393359904	0.5038697580147061	0.002409819325716329
0	TCGA-EW-A1P8	0.9802275244564582	0.005435447677357294	0.00031673986790104977	0.0008016576273694679	0.01321863037091398
2	TCGA-EW-A1PA	0.00038467431022284475	0.003040687863577609	0.857847803906446	0.13745244746168006	0.0012743864580735409
4	TCGA-EW-A1PG	0.028259871132762716	0.07520645761938605	0.6215965724568169	0.023063488571826232	0.251873610219208
2	TCGA-A2-A1FZ	0.0009767507961167903	0.0046845704888993	0.9509946858514233	0.03647029016403708	0.006873702699523229
4	TCGA-BH-A1FU	0.12120791539941204	0.4066498460335736	0.054628171015707425	0.017549917282479097	0.39996415026882787
3	TCGA-D8-A27R	0.024717361373699162	0.2017110791306755	0.166718033814746	0.5111858561273599	0.09566766955351924
2	TCGA-D8-A27T	0.00033556651672640204	0.00278436155000143	0.8333516275155931	0.1629633222506184	0.0005651221670607142
3	TCGA-D8-A27W	0.001984511772422053	0.023136256548342192	0.10918407066318725	0.8587445382606448	0.0069506227554039166
2	TCGA-E9-A1R0	0.0004970735133326467	0.002325319819904545	0.9523450777451825	0.04283704244120713	0.0019954864803732124
2	TCGA-E9-A245	0.0002592842196597799	0.0016733646250338715	0.928239522067863	0.06856705643279283	0.001260772654650268
2	TCGA-E9-A295	0.0004878446715625631	0.004439022630400259	0.6642327181011997	0.32887100943991326	0.0019694051569240623
2	TCGA-GI-A2C8	0.0011621494352154417	0.016461966646472526	0.7276931940008144	0.2492199208210614	0.005462769096436321
4	TCGA-AR-A2LH	0.12331849072347166	0.20179938965002983	0.3307248211045004	0.02799648419300068	0.31616081432899756
2	TCGA-AR-A2LN	0.001159056614546162	0.006441441549237195	0.9601180880261919	0.02639469500686985	0.005886718803154745
2	TCGA-AR-A2LO	0.008537147617969084	0.017145647213984587	0.8931360877056993	0.02698366363415461	0.05419745382819278
4	TCGA-AR-A2LQ	0.08323203089423294	0.1677982247142549	0.25152584289691315	0.03270050551190747	0.46474339598269154
2	TCGA-BH-A2L8	0.005692644703373666	0.016273561791953724	0.9110380218550029	0.04512546236834634	0.02187030928132308
2	TCGA-B6-A2IU	9.697522239200085e-05	0.0005840222046152175	0.8927482954280196	0.10640400569293898	0.00016670145203416612
1	TCGA-GM-A2DB	0.1333788364012502	0.5152490448914151	0.04971710290213687	0.03866735751138977	0.2629876582938078
2	TCGA-GM-A2DC	0.000166062011113971	0.0007815961767400491	0.8647767169571339	0.13405042025628122	0.00022520459873068968
2	TCGA-A7-A3J0	0.0007628634299209532	0.00846336361890821	0.8808775442056452	0.10365766688018474	0.006238561865341102
2	TCGA-A7-A3IZ	1.1324076744169573e-05	0.00010564634321316063	0.735139421759464	0.26472323116664725	2.0376653931373226e-05
2	TCGA-A7-A3J1	0.0006467294096071054	0.0036193054213706456	0.9564756629110078	0.036650501854260054	0.0026078004037546052
2	TCGA-AC-A3HN	0.0013356192290135196	0.003493296082188752	0.9729131569389344	0.014660980664490092	0.007596947085373267
3	TCGA-E9-A3HO	0.0001355067691173585	0.0024243247227938576	0.5575329251545874	0.4394834323412675	0.0004238110122336424
3	TCGA-A7-A2KD	0.0028194975394892057	0.05634839109034259	0.21096216185462102	0.7166908546414128	0.01317909487413449
2	TCGA-A7-A3IY	0.12104949716501266	0.15804549584333763	0.21661108200897694	0.03735900301182851	0.46693492197084435
0	TCGA-AC-A2BK	0.9636932263655541	0.022195198077470703	0.0008137170899784579	0.0033675877916592256	0.009930270675337732
2	TCGA-C8-A3M7	0.008738298769553173	0.22787255968291228	0.6434405831389118	0.048229459870934924	0.0717190985376876
0	TCGA-B6-A0I1	0.9941501081886616	0.0022264266022933668	5.934724851596022e-05	0.0006773890250732253	0.0028867289354558025
2	TCGA-E9-A3Q9	0.0006674433501370868	0.004247800624595967	0.820075004855403	0.17299619254969495	0.0020135586201687483
1	TCGA-EW-A2FR	0.042154719522099926	0.5263073140009908	0.1347985846260501	0.04197225244337508	0.2547671294074842
0	TCGA-GI-A2C9	0.9858155366127774	0.004633680349975587	0.0002767601041808077	0.0009545400055030712	0.008319482927562976
2	TCGA-GM-A3NY	0.00021639150123226638	0.00222515617764783	0.846798660241741	0.15031439438947083	0.0004453976899083966
2	TCGA-GM-A2DL	0.0010786428946250636	0.01755933657676222	0.8716290745850603	0.1039289477482539	0.005803998195298579
3	TCGA-GM-A2DO	0.05745789015532301	0.08133996485175517	0.7047432898656448	0.0786382407486865	0.07782061437859038
0	TCGA-HN-A2NL	0.9051321279701852	0.031010604216100152	0.005557140632664815	0.004558184452414328	0.05374194272863526
4	TCGA-A2-A1G6	0.10141330581884539	0.16615277527218716	0.16831222349264233	0.03743345815252275	0.5266882372638025
0	TCGA-E2-A1B6	0.7347584375482771	0.055251124603514744	0.06343500278100912	0.013078878913127402	0.1334765561540716
2	TCGA-A7-A13H	0.0018775168549690715	0.004500424798718703	0.9631739590399216	0.019391111575281842	0.011056987731108782
2	TCGA-E2-A2P6	0.00020021827914851463	0.0006422875723839239	0.8416364182358747	0.15743334707242268	8.772884017005728e-05
2	TCGA-A2-A0CO	0.0006533656058053167	0.005376637604847982	0.8317775987918128	0.15954736913021025	0.0026450288673235773
2	TCGA-A7-A3RF	0.00012757396986075	0.0013596618082855666	0.8926741172950714	0.10535099359316735	0.00048765333361477665
2	TCGA-E2-A14U	0.00805698268615687	0.028113418208480605	0.8384849527380275	0.016700247966417812	0.1086443984009174
2	TCGA-E2-A2P5	0.0002622116919253339	0.010441659519709358	0.6905699614688268	0.2972771512546493	0.0014490160648890078
2	TCGA-A2-A0EP	0.20230831626239348	0.08507067494890357	0.44865683837588427	0.024827744459796887	0.2391364259530217
0	TCGA-A2-A3XS	0.9399010466800373	0.02204648491438279	0.0019376353535166854	0.002496825116681029	0.033618007935382395
0	TCGA-A2-A3XT	0.9315204851758528	0.025623598257325325	0.002859618767070318	0.0038973824928817485	0.036098915306869796
1	TCGA-A2-A3XV	0.018818493117480142	0.6891049143299522	0.07980956032435349	0.08007921607151189	0.13218781615670197
0	TCGA-A2-A3XX	0.9228479622452297	0.020726258350368714	0.0013855173725595147	0.0018287208681192497	0.053211541163722696
4	TCGA-A2-A3XW	0.11888556831782039	0.1727976470868731	0.14684568227156067	0.037621208140216945	0.5238498941835287
0	TCGA-A2-A3XY	0.9447587875620683	0.02028305619942261	0.0019554928458500017	0.002306365733290094	0.030696297659368803
1	TCGA-A2-A3XZ	0.16928487173707307	0.4305315967898689	0.11754683426896392	0.040608079203506155	0.2420286180005882
0	TCGA-A2-A3Y0	0.9511019725660036	0.022337361819806816	0.0013243401507355907	0.0036701273439008323	0.021566198119552762
2	TCGA-AC-A3QP	0.015896844412817104	0.5640035943955591	0.24200030557653832	0.04939034933552454	0.12870890627956144
2	TCGA-A7-A426	0.0011819252056451378	0.004084358564957532	0.9617048342333461	0.023306740490738567	0.009722141505312677
2	TCGA-AC-A3YJ	7.984905061793858e-05	0.0007514505817597584	0.919665488626735	0.0792704934022436	0.00023271833864336883
2	TCGA-B6-A401	0.007303658540293223	0.04393846895217904	0.8727688666069595	0.03848635219286048	0.037502653707707514
0	TCGA-B6-A400	0.9803656386101586	0.006413640957104343	0.0004991665714004045	0.0012838079329799959	0.011437745928356804
0	TCGA-B6-A402	0.9828555302640881	0.004084564591287201	0.0001625727452149981	0.0004936981717958158	0.01240363422761397
2	TCGA-B6-A408	0.0003382466225627834	0.005830064158819099	0.5595079193482543	0.43325328033805444	0.0010704895323092724
2	TCGA-B6-A40B	5.533961053168793e-05	0.00043063478315397174	0.9693243782733808	0.02997547831873739	0.0002141690141959955
0	TCGA-B6-A409	0.9120248029484562	0.03032807012140079	0.002523671958176138	0.0039842149516452355	0.05113924002032195
2	TCGA-B6-A40C	0.00011711111414750461	0.0017156457955286484	0.8906701911942775	0.10708436645416991	0.00041268544187662577
3	TCGA-BH-A42T	0.00028949372914481586	0.002587340977348362	0.4864181112688034	0.5099209104079278	0.0007841436167757127
2	TCGA-D8-A3Z5	0.0006812730497082538	0.0030097188776078464	0.9642053900826113	0.02746138133372679	0.004642236656346055
2	TCGA-BH-A42V	0.0027223442289215282	0.009217498390321528	0.9438196219540166	0.023189536037474517	0.021050999389265534
2	TCGA-E9-A3X8	0.005406583903863567	0.014328757743080733	0.9273386183271273	0.02013967624452169	0.032786363781406945
4	TCGA-LL-A441	0.7668816993981881	0.06925630446575924	0.01627906253795107	0.006644617521097592	0.14093831607700408
4	TCGA-AC-A3YI	0.053627861045324764	0.11146602329950418	0.44996369097171346	0.02638960972829416	0.35855281495516383
0	TCGA-B6-A3ZX	0.8802370232887446	0.03645187847274605	0.022120864426172976	0.006738324368009	0.054451909444327366
2	TCGA-A2-A0CK	0.0001624643458007346	0.0009156177915656968	0.8987907663349929	0.09948535627865744	0.0006457952489832245
2	TCGA-A2-A0CR	0.026149171477391934	0.038811294856022846	0.8256562250852151	0.028223335460102042	0.08115997312126848
2	TCGA-AC-A3TM	0.0001495976134504079	0.001851578866406335	0.9465716082008395	0.05058811523401772	0.0008391000852865006
2	TCGA-AC-A3TN	3.150059516358648e-05	0.00019875642953997858	0.9124915361172439	0.08724070743140828	3.7499426644318325e-05
2	TCGA-AC-A2FE	0.004877047032704488	0.017085158636573908	0.9075900840855674	0.05104377287319538	0.019403937371958706
2	TCGA-AC-A2FM	5.464784797893791e-05	0.0006883203376855813	0.599446820258448	0.3996840314257017	0.00012618013018588222
2	TCGA-AC-A2QI	0.0010122658520457096	0.006042742250377344	0.8956845395014174	0.09200069926798302	0.005259753128176181
0	TCGA-AC-A2QJ	0.8745248730365719	0.050931185171528684	0.009467749679684126	0.008712781779074946	0.05636341033314027
2	TCGA-AC-A3EH	7.824850181250266e-05	0.007151981433728201	0.7101422715435037	0.2817427046694931	0.0008847938514626222
2	TCGA-AC-A3BB	0.0018108379416371014	0.006621161598786313	0.9727354681161829	0.010891554178716265	0.007940978164677445
1	TCGA-AC-A3W5	0.02193679219778858	0.6884165762418573	0.07368454993889981	0.09372224037745432	0.12223984124400014
2	TCGA-AC-A3W7	0.00023782337695289348	0.003114984036766145	0.9762634607205242	0.01829835419086222	0.0020853776748946387
2	TCGA-AC-A3W6	0.005657154805732822	0.025906992612058095	0.8913741455203983	0.05073896287468269	0.02632274418712801
2	TCGA-AR-A2LJ	0.0038001140254780743	0.010697048489217823	0.9330282514869064	0.029045279152711934	0.023429306845686202
2	TCGA-AR-A1AM	0.003355270063003259	0.008012453804843066	0.936570330769828	0.024230787850583316	0.02783115751174246
2	TCGA-BH-A0B6	0.005878747379658958	0.03910585347202664	0.7120424438826491	0.22324269270699054	0.01973026255867487
2	TCGA-E2-A107	9.449064215472767e-05	0.0005182541398013984	0.9613760573813034	0.03765699031475797	0.0003542075219825411
2	TCGA-EW-A423	0.00018490267133628642	0.00454493572780163	0.22899097764798296	0.7656968788425531	0.00058230511032595
2	TCGA-EW-A424	8.574963094052329e-05	0.0013602563354833844	0.9517146394941642	0.04624113829523687	0.000598216244175095
0	TCGA-GM-A3XL	0.9099069854784813	0.030587663052692803	0.002808828819850061	0.003073014545745711	0.053623508103230154
2	TCGA-GM-A3XN	0.003076020263401018	0.007583454690408035	0.945052858230666	0.02809992586565178	0.016187740949873037
2	TCGA-LL-A440	0.08664997510078007	0.11994143251662617	0.3996666667006009	0.02749474945815286	0.36624717622383995
2	TCGA-JL-A3YX	0.00020856638178605178	0.004702783335500597	0.6773577737484427	0.3167741065998363	0.00095676993443449
1	TCGA-E2-A1LE	0.02455220900422012	0.6672710711000535	0.0760603459364972	0.09764237921161296	0.13447399474761626
0	TCGA-E9-A3QA	0.913537055484782	0.027330515748887944	0.008408180372045874	0.0049964898099424905	0.045727758584341756
0	TCGA-EW-A3U0	0.9354002285213643	0.025310514440736565	0.0036350221864739625	0.004872366475533165	0.03078186837589194
2	TCGA-D8-A4Z1	0.04824911566903293	0.13774842738406612	0.368816460865845	0.03195650262620517	0.41322949345485094
2	TCGA-A2-A4S2	0.0006030505990150832	0.003288216647477846	0.9263810758164682	0.06747866047208831	0.0022489964649505785
1	TCGA-A7-A4SF	0.01282131217717312	0.6085288850749425	0.02780652904960198	0.26520749926596043	0.08563577443232218
3	TCGA-AQ-A54O	0.0006729681439874744	0.005140439244873966	0.4676464610812959	0.5238481405710346	0.00269199095880786
0	TCGA-AQ-A54N	0.9959904095848878	0.00036838585911750353	1.5691266282886772e-05	0.00015126876784341358	0.0034742445218685705
2	TCGA-LL-A50Y	4.831898564566347e-05	0.0013475325790218147	0.9153535974350778	0.08300401057378935	0.0002465404264651173
2	TCGA-A7-A4SB	8.326464785948736e-05	0.001278550873521813	0.9661944255454297	0.03172699007622362	0.000716768856965433
0	TCGA-A2-A4RX	0.8510260095914456	0.036193757598263085	0.006988713350467086	0.0034308753216048525	0.1023606441382195
3	TCGA-E9-A54X	0.0005505894675098583	0.005644625794198424	0.7750073788229898	0.2157783308511345	0.003019075064167364
4	TCGA-A2-A4RY	0.053339945033549246	0.1358203190460181	0.3739136868562488	0.030571599167796715	0.406354449896387
2	TCGA-A2-A4S0	0.00039176699009921354	0.0023106441994660666	0.9262528030261549	0.06887424868249664	0.0021705371017833805
0	TCGA-A7-A4SD	0.9513250024060044	0.02192938602380812	0.001326813163741973	0.004180342336202513	0.021238456070242998
2	TCGA-LQ-A4E4	6.571042980715659e-05	0.00946852235241933	0.8518235842509629	0.13760039109678548	0.0010417918700249091
2	TCGA-A7-A4SA	0.007280935355439244	0.03495213641647987	0.8422729252161788	0.058567369776468446	0.056926633235434
2	TCGA-MS-A51U	0.005635677139029739	0.020046794932088736	0.897619611050835	0.021587399473799732	0.05511051740424721
0	TCGA-A7-A5ZV	0.9034375387228022	0.034918885491227694	0.0036660901976846615	0.004200106902204103	0.05377737868608186
1	TCGA-AC-A5EH	0.014911127947481995	0.510240353177052	0.1375725247672646	0.2489563753431058	0.08831961876509589
2	TCGA-AC-A5XU	0.0002329130566479278	0.004329878081974017	0.38111069529198255	0.6136932478830355	0.0006332656863600574
2	TCGA-AR-A5QN	0.00034725901840251746	0.003480416285520881	0.9337731632672837	0.06047356716665532	0.0019255942621376934
3	TCGA-E9-A5UO	0.0001020337372012216	0.0006058564473689377	0.22736041150042002	0.7718478594820601	8.383883294951822e-05
2	TCGA-AR-A5QP	0.003479534528055989	0.010575904128418164	0.9245806245225948	0.023286584277113085	0.038077352543817895
4	TCGA-OL-A5RY	0.23101749529373894	0.29091414311742636	0.061123846758740025	0.018882152161091532	0.3980623626690034
1	TCGA-LL-A5YO	0.4183821935351668	0.24301373100384938	0.09023341124475913	0.018882998642595086	0.22948766557362982
0	TCGA-LL-A5YP	0.9675556121898992	0.010409315593734808	0.0008811136399843602	0.0016992496823871634	0.019454708893994272
2	TCGA-OL-A5RX	0.0031051224930397766	0.021297631930351474	0.9191348191670609	0.02081650982484173	0.03564591658470605
1	TCGA-OL-A5RZ	0.01633482394017288	0.7342026104834276	0.030407730943403273	0.1254304093753957	0.09362442525760076
2	TCGA-OL-A5RV	0.0017485803943521861	0.0074376626397687825	0.9566641219119408	0.01961463826747648	0.014534996786461954
0	TCGA-OL-A5S0	0.9748842453602036	0.007005019657051222	0.0006155049519113367	0.0010903937980517174	0.016404836232782005
2	TCGA-A7-A56D	0.0011113408480551076	0.036447628872249754	0.7155169671209802	0.2395245857938518	0.007399477364863349
2	TCGA-AR-A5QM	0.001044137296563891	0.009042324704380142	0.9187902865132325	0.06589906768823689	0.005224183797586682
2	TCGA-E9-A5FK	0.011694613445455722	0.030673791749730443	0.8637202365883199	0.05268935423507693	0.041222003981416885
2	TCGA-BH-A5J0	0.0006424531010062311	0.009404859202179544	0.8270304412362205	0.1603086819292025	0.002613564531391271
0	TCGA-E9-A5FL	0.7251341882107145	0.12849465955257136	0.016535826355549992	0.018059134289496032	0.11177619159166874
2	TCGA-LL-A5YN	0.036982069920713484	0.1472025087029539	0.439017939534921	0.27651281644147596	0.10028466539993562
2	TCGA-OK-A5Q2	0.008426386418272255	0.032097119163815455	0.893589021242572	0.02711543651672307	0.03877203665861728
0	TCGA-OL-A5D7	0.9675547443164432	0.014821291504621406	0.0012071471626591997	0.0023097982018558524	0.014107018814420454
2	TCGA-OL-A5D8	4.483268083476184e-05	0.0014896846908478269	0.7026062969530352	0.2956662385285508	0.00019294714673173858
2	TCGA-OL-A5DA	0.00011292018244090929	0.0013250610089289756	0.92002192153414	0.07797432322812976	0.0005657740463602156
2	TCGA-OL-A5RU	0.006616858442657293	0.029127694179283615	0.8298249761764291	0.1153085669354091	0.01912190426622054
2	TCGA-PE-A5DC	0.0007463480355990018	0.020134874702078285	0.25924728809266406	0.7167224988866409	0.0031489902830178027
2	TCGA-PE-A5DD	6.004199496063074e-05	0.0008175080082581509	0.899341560200519	0.0996585853081183	0.00012230448814396058
0	TCGA-BH-A5IZ	0.9408717509123493	0.02283893011868197	0.0019998341610753465	0.0031987825830074677	0.03109070222488592
2	TCGA-HN-A2OB	0.003052585329511575	0.010072893770660053	0.9227502676682845	0.020763072929268083	0.043361180302275676
2	TCGA-A7-A5ZW	0.0035027324700850414	0.014486037039566425	0.9293325575274896	0.01144147697044335	0.041237195992415654
2	TCGA-A7-A5ZX	0.0012668565160414472	0.005900003844291924	0.9567968953305948	0.010568358197403168	0.0254678861116686
2	TCGA-AC-A5XS	0.004060021043773666	0.035475873492787455	0.7841606203670198	0.16112925853311444	0.015174226563304886
0	TCGA-AC-A62X	0.9684918660471057	0.009642283709515196	0.0003631377697169459	0.0010027901959475999	0.020499922277714355
3	TCGA-E2-A56Z	0.00016700284384005	0.0008403155094246034	0.3420835913728271	0.6567578284064346	0.0001512618674738274
0	TCGA-E2-A574	0.9838558067230713	0.00621911177729254	0.00041091386783222107	0.0016301129477315564	0.007884054684072344
2	TCGA-OL-A66J	0.0003867154844338033	0.0022701256564531796	0.888625735698459	0.10709871942442924	0.001618703736224778
0	TCGA-OL-A66I	0.9197205255364935	0.02640318870025743	0.006447054128304873	0.004315358238280874	0.04311387339666317
2	TCGA-OL-A66K	0.00011208518505655311	0.0022466628874177703	0.9338433985428249	0.0632785693512361	0.0005192840334645849
2	TCGA-OL-A66H	0.00031149721936993415	0.003052413697436526	0.8899308578614095	0.10576264831755494	0.0009425829042290117
0	TCGA-E9-A1NC	0.9529656555005217	0.01578875720455404	0.002183371674599889	0.0027640576142034332	0.026298158006120814
3	TCGA-AC-A62V	0.0005673193762464962	0.007372106136007394	0.037189532893796555	0.9527903159673372	0.0020807256266121106
2	TCGA-E2-A576	4.361953323150129e-05	0.001095302097501306	0.7198964805699969	0.2787755916769392	0.00018900612233107398
2	TCGA-E9-A6HE	0.00019738191246753653	0.0012072100298952378	0.9732781295729072	0.02444984540441605	0.0008674330803140483
0	TCGA-LL-A6FR	0.9819345472514309	0.004341517376075504	0.00015402862240642193	0.0006154371679746026	0.012954469582112845
2	TCGA-OL-A66O	6.89304648601589e-05	0.00031677881163437455	0.887234997775829	0.1123273994902144	5.189345746206852e-05
2	TCGA-OL-A66L	0.00017809292622032258	0.0010412116511293093	0.9770627459851384	0.020899844090154034	0.0008181053473574549
2	TCGA-EW-A1IZ	0.02121201555409223	0.05498323789790533	0.7351226467545807	0.13428683327398125	0.05439526651944066
3	TCGA-E9-A1RG	0.0017379347705087692	0.024649780469347387	0.09322162409990221	0.8732870076089565	0.007103653051284912
3	TCGA-EW-A6SA	9.109094396668918e-05	0.0009544607050752055	0.001805232496388138	0.9964595356261878	0.0006896802283818162
0	TCGA-EW-A6SB	0.9426968691316581	0.022124043974770243	0.0019981821868281773	0.004076345796585846	0.029104558910157802
4	TCGA-LL-A73Z	0.0703886710800808	0.22543247258764598	0.11064249350023055	0.03761583571118565	0.5559205271208567
2	TCGA-LL-A740	0.004440427040628718	0.3329315082359562	0.4670237104288303	0.0340328387815027	0.1615715155130824
2	TCGA-AC-A6IX	0.0015966348057172232	0.013573215024463112	0.8514084016268584	0.07564606633807597	0.057775682204885034
4	TCGA-BH-A6R9	0.1268626535355818	0.144034936604382	0.09551148664558812	0.03475742221045794	0.5988335010039905
2	TCGA-S3-A6ZG	4.860122854520843e-05	0.00021561135409724083	0.9163594236011077	0.0828941007815168	0.0004822630347332218
2	TCGA-S3-A6ZH	0.00013605111621008546	0.0016190822370543941	0.7438708829089976	0.25134399633477106	0.0030299874029669997
4	TCGA-AO-A0JB	0.00863153429882824	0.10605841026709614	0.3875607351923179	0.31028917627906993	0.18746014396268812
0	TCGA-A7-A6VV	0.9685151246261643	0.009383605044646384	0.0007333207598167743	0.0017222550391352595	0.01964569453023714
0	TCGA-A7-A6VW	0.7950217455769683	0.1067676641039568	0.013436681239376615	0.012595128775481468	0.07217878030421669
2	TCGA-AC-A6NO	0.00020704015553483075	0.011292167663200136	0.8823142979287231	0.10439855897970564	0.0017879352728361784
2	TCGA-EW-A6S9	0.0001448404738455874	0.010683878500961945	0.8940081069204217	0.09368016943532113	0.0014830046694502147
2	TCGA-D8-A73U	0.056425352204211104	0.0946223022219465	0.6779991893268535	0.08107835948742882	0.0898747967595597
1	TCGA-EW-A6SD	0.03231135538990908	0.6653830109371174	0.042531137657721055	0.09328797542527369	0.16648652058997862
3	TCGA-A7-A6VX	0.00022430711203963235	0.006857654197071831	0.23129776752465003	0.7607112764490233	0.0009089947172153917
2	TCGA-LD-A74U	0.004475538022482072	0.029060992308459023	0.9003271669195009	0.02410195598237404	0.042034346767183955
2	TCGA-OL-A6VR	0.00010373264301865627	0.0016477042309304753	0.9154776177435301	0.08222571029045445	0.0005452350920661638
2	TCGA-AC-A6IV	0.0111924454149978	0.02196127465458377	0.8715580893900142	0.04949633784792437	0.045791852692480164
0	TCGA-AC-A6IW	0.9701816437968562	0.010270228464923708	0.0010760599865761587	0.0019704078604700875	0.01650165989117389
0	TCGA-LL-A73Y	0.9602774326888228	0.008214807333530763	0.000580544774271186	0.0010004744662963482	0.029926740737078822
2	TCGA-V7-A7HQ	6.0764214641581096e-05	0.0015707343412576548	0.9366848347882564	0.06133404796461077	0.00034961869123389824
2	TCGA-BH-A8G0	0.01660652427181019	0.031140856578804436	0.840106272698024	0.016492155807981006	0.0956541906433805
2	TCGA-D8-A73W	0.0007693578583536296	0.006446671862292788	0.8853391912439288	0.10347628761184216	0.003968491423582657
2	TCGA-LL-A7SZ	0.029266721921346148	0.17260998537983832	0.5126304735773122	0.20461803539200768	0.08087478372949537
2	TCGA-LD-A7W6	0.00029274396073016116	0.00047357287910591985	0.9700153095871764	0.02893685449615373	0.00028151907683376975
3	TCGA-LL-A7T0	0.00044134424384289063	0.005510758730019459	0.4244094842974661	0.5683098304633227	0.0013285822653488141
0	TCGA-AC-A7VC	0.7908655890836235	0.07618983390490348	0.017890723635024357	0.011651418396949102	0.10340243497949955
3	TCGA-AC-A7VB	5.580613890409466e-05	0.0005927463370737984	0.16132576828434794	0.837953186033981	7.249320569301503e-05
4	TCGA-BH-A8FZ	0.0076032778443167635	0.026429577877348603	0.884185940844575	0.02217642740852322	0.05960477602523619
2	TCGA-BH-A8FY	1.2684620587346556e-05	0.0005164353544732424	0.7996348215945573	0.19977353146672133	6.252696366081684e-05
2	TCGA-XX-A89A	0.03771482380362177	0.18662627546938723	0.43900361822682593	0.1993941916821786	0.1372610908179866
1	TCGA-C8-A8HP	0.1508774833053113	0.44211362828255985	0.10474334089429316	0.04205421592237744	0.26021133159545873
0	TCGA-LL-A8F5	0.9107319503640338	0.04019815000788593	0.0037107874376535563	0.006388263406076478	0.03897084878435052
2	TCGA-AC-A8OP	0.0006911161695302696	0.014703427115571908	0.8086398602910139	0.17222231219023904	0.0037432842336449297
2	TCGA-XX-A899	0.005358264114821584	0.02160135313675597	0.899689292853219	0.04911867137272684	0.024232418522476387
2	TCGA-W8-A86G	0.0008125227931360177	0.0027368351892291323	0.9746415244884346	0.009619011229045307	0.012190106300155273
0	TCGA-PL-A8LZ	0.8889636225387234	0.040261766870857196	0.006679191623986295	0.005278239816429804	0.05881717915000326
2	TCGA-3C-AAAU	9.523167609945344e-05	0.002880668211737462	0.8905240065079556	0.1057268144863272	0.0007732791178802841
2	TCGA-AC-A4ZE	5.7346210622576945e-05	0.001034470761856213	0.8943980131808666	0.10433980532250944	0.00017036452414517672
0	TCGA-S3-AA10	0.9358734642070722	0.016700725963605865	0.0009983565244058516	0.0019009029365222073	0.044526550368394174
4	TCGA-LD-A9QF	0.12505826863080033	0.32667364426968903	0.04327092415468046	0.01968647153249212	0.48531069141233796
2	TCGA-WT-AB41	0.0027616660060921184	0.030017107691564463	0.8708428547275574	0.06610194379937112	0.030276427775415005
1	TCGA-3C-AALI	0.018835714903283875	0.7165615911469295	0.048434236155513795	0.10520145739560216	0.11096700039867068
2	TCGA-S3-AA11	7.115577143002035e-05	0.004025155612115127	0.929182275001295	0.0658375965042523	0.0008838171109071671
2	TCGA-LL-A9Q3	0.0001683569451304114	0.008027272531388649	0.9116237922209006	0.07782299730789517	0.002357580994685104
2	TCGA-WT-AB44	0.00021666557216097645	0.012433009796934562	0.9377616087049009	0.046460996112228516	0.00312771981377515
3	TCGA-3C-AALJ	0.0011743697814745292	0.026685324266089074	0.23776454205753444	0.7235676246560332	0.01080813923886839
2	TCGA-AC-A8OR	0.00038985362901004474	0.00781384943172859	0.9234135237408	0.06334209784592608	0.0050406753525351405
2	TCGA-S3-AA12	7.260316449366229e-05	0.0005517679362538056	0.5194887366079204	0.4798128720386778	7.402025265428471e-05
2	TCGA-OL-A6VQ	0.0006308548826969327	0.004168941532752599	0.9642995983505861	0.010884711686335074	0.02001589354762914
2	TCGA-Z7-A8R5	0.0160272075736742	0.06910111028952945	0.6480631217885531	0.020313149704450147	0.24649541064379277
2	TCGA-S3-AA14	0.00023714993994149272	0.007453996050708624	0.9683669809997805	0.015138222357459312	0.008803650652110051
4	TCGA-OL-A97C	0.15317650484799572	0.2663872818061322	0.08389175606649373	0.02509641311324055	0.4714480441661379
2	TCGA-AC-A8OS	0.0012104733520008398	0.010908859563405862	0.9561987946370075	0.02187664286300437	0.009805229584581326
2	TCGA-4H-AAAK	0.00014041429341091758	0.0009019422137259222	0.9869032679654253	0.009235534892779344	0.0028188406346585614
2	TCGA-BH-AB28	0.00045067630799446815	0.008171232159364205	0.9159537447657362	0.06192012532830928	0.013504221438595745
0	TCGA-S3-AA15	0.5521132390943246	0.11929040415830841	0.026664952689201375	0.010214507304519924	0.2917168967536452
0	TCGA-PL-A8LV	0.8864934130584179	0.045278544367991114	0.006533194885738417	0.005722481241671518	0.05597236644618093
3	TCGA-S3-AA17	0.003585716560140003	0.017038632643831608	0.6365516232762307	0.32945062991554513	0.013373397604252756
2	TCGA-PL-A8LX	0.00022594056594493346	0.001224600732011768	0.9185487165132576	0.07874383990712597	0.0012569022816598557
4	TCGA-PL-A8LY	0.14506180624954673	0.13565103954422572	0.08036505497185605	0.03082083949608731	0.6081012597382843
3	TCGA-5T-A9QA	0.00044869396089860315	0.007949598833718105	0.1404865726698689	0.8483778732236857	0.002737261311828848
2	TCGA-5L-AAT1	0.003066625033648959	0.03006233012449729	0.8684062847437933	0.03919619525927193	0.0592685648387883
3	TCGA-E2-A9RU	0.0007202046369359155	0.02906021448913087	0.05193449417331261	0.9093390582517296	0.008946028448891398
0	TCGA-S3-AA0Z	0.9401048701625324	0.01463960742715619	0.0008033248438462105	0.001344022975014361	0.04310817459145129
1	TCGA-UU-A93S	0.02147975441069385	0.6091673277606754	0.04130231328785515	0.05673423426949066	0.2713163702712845
3	TCGA-E9-A54Y	0.00010488824574500483	0.0009952846496905615	0.04874420090883108	0.9499614297560568	0.00019419643967635912
