label	sample_id	num_0_0	num_1_0	num_2_0	num_3_0	num_4_0
2	TCGA-A1-A0SE	0.0011575201	0.0017154809	0.99339217	0.0028591554	0.00087562937
0	TCGA-A2-A0ST	0.95520526	0.009505978	0.009619353	0.00671917	0.018950248
2	TCGA-A2-A0T4	0.003608905	0.0053485124	0.95968384	0.028628666	0.0027300299
2	TCGA-B6-A0RM	0.0010381889	0.0022856	0.96245116	0.033058453	0.001166634
2	TCGA-B6-A0RN	0.0041280612	0.0060357046	0.96916664	0.017588874	0.0030807923
2	TCGA-BH-A0DH	0.003687773	0.0053919493	0.94315106	0.045017	0.0027522014
2	TCGA-BH-A0DQ	0.00095755095	0.0021080733	0.9635599	0.032298397	0.0010760195
2	TCGA-AO-A0JJ	0.0027925973	0.008869791	0.9615969	0.023602573	0.0031380996
0	TCGA-AO-A0JL	0.9535558	0.009773233	0.0037939106	0.005449975	0.027427051
3	TCGA-AO-A0JM	0.0053449054	0.049246803	0.041366898	0.8980352	0.006006179
1	TCGA-B6-A0IK	0.0033898673	0.85305744	0.13266629	0.0065745194	0.004311883
0	TCGA-B6-A0RE	0.9900954	0.0032617154	0.00081721746	0.0012638133	0.00456185
2	TCGA-B6-A0RG	0.003057957	0.0045262473	0.9632072	0.026898341	0.0023103228
2	TCGA-B6-A0RI	0.0008233765	0.0018126847	0.98492044	0.011518225	0.0009252449
1	TCGA-BH-A0AW	0.0025396259	0.93546695	0.0066129444	0.052314803	0.0030657218
0	TCGA-BH-A0B3	0.9841373	0.005088155	0.0012384792	0.0017618965	0.0077741635
2	TCGA-BH-A0B8	0.0025442124	0.009342155	0.9159624	0.06929228	0.0028589843
2	TCGA-BH-A0BA	0.0011567188	0.0028208462	0.97936475	0.015794346	0.00086326484
2	TCGA-BH-A0BJ	0.0014589909	0.0031155918	0.9876759	0.0052159554	0.0025335308
0	TCGA-BH-A0RX	0.91803205	0.02473988	0.00914979	0.0089155305	0.039162725
2	TCGA-A2-A0CT	0.0022095172	0.008113177	0.83412963	0.15306477	0.0024828794
2	TCGA-A2-A0EU	0.0014719351	0.0032405031	0.98434144	0.009292068	0.0016540432
2	TCGA-A7-A0D9	0.0013683027	0.003012354	0.9751017	0.018979989	0.0015375896
2	TCGA-A8-A08O	0.0006164051	0.0013570318	0.98936266	0.007971255	0.0006926669
2	TCGA-A8-A0A6	0.0015860596	0.003491753	0.9861757	0.006964129	0.0017822881
2	TCGA-A8-A0AD	0.0016589509	0.0018263661	0.9830399	0.012542517	0.0009322282
2	TCGA-AO-A03L	0.0017153879	0.006298772	0.9744153	0.015642859	0.0019276162
2	TCGA-AO-A0JC	0.13570558	0.028475923	0.76563376	0.04849718	0.021687586
3	TCGA-AO-A0JD	0.0045657153	0.019011954	0.26665893	0.7046328	0.0051305895
1	TCGA-AO-A0JE	0.015181652	0.7903169	0.10009102	0.049681187	0.044729248
2	TCGA-AO-A0JI	0.008736087	0.034616984	0.73209274	0.21473724	0.0098169185
3	TCGA-BH-A0C0	0.01458273	0.19051139	0.0623817	0.7033231	0.029201064
2	TCGA-BH-A0DP	0.0011381891	0.002505754	0.9799605	0.014380542	0.0020150454
2	TCGA-BH-A0DS	0.007775524	0.017118026	0.8095158	0.15685312	0.008737514
0	TCGA-BH-A0E0	0.9770906	0.011048913	0.0012656006	0.0028558283	0.0077390294
2	TCGA-BH-A0E1	0.0009621773	0.0021182592	0.98860896	0.007229431	0.0010812186
2	TCGA-BH-A0E2	0.001564809	0.0033065742	0.96083426	0.033126533	0.0011678239
3	TCGA-BH-A0H0	0.0057856506	0.014029144	0.07625557	0.8969247	0.0070049623
2	TCGA-BH-A0H6	0.0006070671	0.001931505	0.9743747	0.02240452	0.00068217365
2	TCGA-BH-A0H9	0.08648196	0.10106785	0.42967144	0.35228544	0.030493272
2	TCGA-BH-A0HB	0.0023670166	0.0052110488	0.9092396	0.08052254	0.0026598647
2	TCGA-BH-A0HF	0.0007780187	0.0024754226	0.9918566	0.0035422626	0.0013476794
0	TCGA-A1-A0SO	0.89663714	0.06954088	0.0036427034	0.016292132	0.013887142
0	TCGA-A1-A0SP	0.93614465	0.015971307	0.015845861	0.010932195	0.021105923
0	TCGA-A2-A0T0	0.9849414	0.0035293908	0.0016307073	0.0018245648	0.008073916
2	TCGA-AO-A0JG	0.002314799	0.0034262592	0.96976626	0.022743804	0.0017488584
2	TCGA-AR-A0TR	0.0031102437	0.006847282	0.86017156	0.12637587	0.0034950436
3	TCGA-B6-A0RL	0.0022385777	0.0066325255	0.019650044	0.96980816	0.0016706606
0	TCGA-B6-A0RU	0.92652774	0.005241298	0.0029726673	0.0036308062	0.06162746
2	TCGA-BH-A0BC	0.000777846	0.0017124489	0.99163646	0.0037783838	0.0020948036
2	TCGA-A1-A0SM	0.0016687845	0.008840465	0.96760935	0.020006131	0.0018752471
0	TCGA-A2-A0SX	0.98003334	0.0053931475	0.0025421497	0.003020051	0.0090113245
2	TCGA-A2-A0SY	0.0012451952	0.0027413305	0.9353297	0.0592845	0.0013992516
2	TCGA-A1-A0SJ	0.0038603698	0.008498709	0.8268059	0.15649703	0.0043379776
2	TCGA-A2-A0EN	0.004688471	0.028166328	0.93763745	0.020119375	0.009388386
3	TCGA-A2-A0SV	0.0046326825	0.01701086	0.046184443	0.92696613	0.005205842
3	TCGA-A2-A0SW	0.024151245	0.026588509	0.1424692	0.7932195	0.0135715185
2	TCGA-A2-A0T5	0.00077899924	0.0017149878	0.99310666	0.0035239572	0.0008753777
2	TCGA-A2-A0T6	0.002292292	0.0072807283	0.96922684	0.018624205	0.0025758948
2	TCGA-AR-A0TW	0.010342911	0.03797839	0.4854875	0.45456868	0.011622544
1	TCGA-AR-A0TX	0.004936162	0.9023919	0.029830359	0.04826113	0.014580411
2	TCGA-B6-A0RO	0.0012935909	0.0028478752	0.9858424	0.008562484	0.001453635
2	TCGA-B6-A0RP	0.0006546924	0.0014413224	0.98225373	0.014914565	0.00073569117
2	TCGA-BH-A0HK	0.0020583456	0.0072418745	0.960974	0.028189704	0.0015361527
2	TCGA-BH-A0HX	0.005742552	0.012642384	0.7342946	0.24086745	0.006453026
3	TCGA-BH-A0HY	0.0046423385	0.009101978	0.11450554	0.86443067	0.007319513
2	TCGA-A2-A0T7	0.011355048	0.028068295	0.9173071	0.033151574	0.010117984
0	TCGA-AR-A0TP	0.949281	0.013820561	0.0028390621	0.013229454	0.020829964
2	TCGA-AR-A0TZ	0.0017040977	0.0037516172	0.8437848	0.14884458	0.0019149302
0	TCGA-B6-A0RT	0.95829755	0.010291513	0.012563471	0.008251199	0.010596305
2	TCGA-BH-A0HP	0.001446713	0.003184978	0.9887461	0.004060957	0.002561255
2	TCGA-BH-A0W4	0.0011590997	0.001715646	0.99348783	0.0027617312	0.0008757137
0	TCGA-AR-A0U4	0.9819136	0.0035127143	0.0018548192	0.0025427437	0.010176106
0	TCGA-B6-A0WX	0.96720827	0.008949647	0.009802841	0.0038541465	0.010185111
2	TCGA-B6-A0WY	0.0041851066	0.009213624	0.944664	0.014831471	0.027105791
2	TCGA-A2-A0YF	0.0011843891	0.0026074648	0.96737033	0.027506871	0.0013309227
3	TCGA-A2-A0YT	0.003347405	0.040132765	0.042419158	0.9103392	0.0037615488
2	TCGA-B6-A0WZ	0.0008223614	0.0032783577	0.9744735	0.020501709	0.0009241046
0	TCGA-AO-A129	0.9785241	0.0049148807	0.0011325877	0.0019520804	0.013476325
2	TCGA-AO-A12C	0.0008182183	0.0018013286	0.99024487	0.006216131	0.00091944844
2	TCGA-AO-A12E	0.0019747238	0.004691474	0.9775029	0.01328184	0.002549092
2	TCGA-AO-A12G	0.0008294223	0.0018259956	0.98839754	0.0074786143	0.001468406
2	TCGA-A2-A0YC	0.0007142129	0.0031226522	0.9681662	0.02719434	0.00080257584
2	TCGA-A2-A0YD	0.0011557573	0.002544431	0.9856802	0.009320781	0.0012987485
0	TCGA-A2-A0YE	0.99002624	0.0025107225	0.0031642986	0.0024938842	0.001804888
2	TCGA-A2-A0YL	0.0026175021	0.003971531	0.98602134	0.0044300407	0.002959548
2	TCGA-AN-A0XO	0.0012138191	0.0048389104	0.9647007	0.027882604	0.0013639932
2	TCGA-AN-A0XP	0.00066195795	0.0014573176	0.9931544	0.0039824927	0.0007438556
3	TCGA-AN-A0XR	0.003911282	0.008610792	0.34961265	0.63320005	0.004665239
2	TCGA-A2-A0YI	0.0009795851	0.0031113373	0.9857324	0.0084424345	0.0017342528
0	TCGA-AO-A124	0.967128	0.0043687695	0.0016307153	0.0023537094	0.02451877
2	TCGA-AO-A125	0.0046204873	0.0067556854	0.91427225	0.07090327	0.0034482905
2	TCGA-AO-A126	0.000827388	0.0018215171	0.98597336	0.010447999	0.0009297531
0	TCGA-AO-A128	0.9669173	0.01393779	0.0033925192	0.0062708124	0.009481579
2	TCGA-E2-A106	0.000624962	0.0013758701	0.93764836	0.05964857	0.0007022825
4	TCGA-E2-A108	0.009595853	0.012627491	0.014054571	0.012012705	0.95170933
3	TCGA-E2-A109	0.0038918757	0.00856807	0.20142558	0.7817411	0.004373382
2	TCGA-E2-A10B	0.0038132651	0.020200953	0.9074951	0.06420568	0.004285046
2	TCGA-E2-A10E	0.0010542665	0.00334854	0.9828818	0.0115307355	0.0011847011
2	TCGA-E2-A10F	0.0019397156	0.0028747201	0.9700512	0.02366699	0.0014673375
2	TCGA-AN-A0XL	0.0012188744	0.0017137636	0.9868182	0.009374383	0.00087475276
2	TCGA-AO-A12B	0.008964531	0.01328572	0.89786404	0.072687685	0.0071980697
3	TCGA-E2-A10C	0.015348383	0.04883396	0.14799438	0.770576	0.017247297
3	TCGA-BH-A0W3	0.0019686576	0.004334053	0.3258053	0.66567975	0.0022122206
3	TCGA-A7-A13F	0.0020187702	0.0064119776	0.4237575	0.56554323	0.0022685342
4	TCGA-AR-A1AO	0.01902881	0.008230648	0.0060826195	0.0053910585	0.9612669
0	TCGA-AR-A1AQ	0.9884848	0.0032564094	0.0008158881	0.0029585615	0.004484384
2	TCGA-AR-A1AX	0.012603311	0.066766605	0.7948968	0.029459495	0.096273825
0	TCGA-AR-A1AY	0.9629346	0.0037174476	0.0017004603	0.002493596	0.029153805
3	TCGA-BH-A0AU	0.0030807804	0.006782418	0.5185268	0.4681481	0.0034619356
3	TCGA-BH-A0BZ	0.009359422	0.0183505	0.10838317	0.85454035	0.009366605
3	TCGA-BH-A0C3	0.005928141	0.021767685	0.33650118	0.6207273	0.015075716
3	TCGA-BH-A0DD	0.0012435282	0.0027376595	0.14486946	0.849752	0.0013973779
3	TCGA-E2-A15K	0.007905762	0.011701751	0.35720617	0.6172135	0.0059729
0	TCGA-E2-A1AZ	0.98615205	0.002425809	0.001327912	0.0022182136	0.007876034
2	TCGA-E2-A1BC	0.0008425143	0.001854817	0.9899927	0.0051338887	0.0021760447
2	TCGA-AR-A1AP	0.0077341404	0.017026916	0.8713567	0.09519122	0.008691009
2	TCGA-AR-A1AU	0.0016682523	0.0036727006	0.9856418	0.0071426583	0.001874649
2	TCGA-AR-A1AK	0.001486237	0.003271991	0.97995913	0.013612464	0.0016701155
2	TCGA-BH-A0AZ	0.0033697835	0.0049941265	0.97748977	0.010427377	0.0037188998
2	TCGA-BH-A0B5	0.0008299314	0.0018271165	0.9415946	0.05481569	0.0009326112
3	TCGA-BH-A0BF	0.009427002	0.029941853	0.11033092	0.8397069	0.010593318
2	TCGA-BH-A0DG	0.0034430546	0.0050962535	0.9766534	0.0122060655	0.0026012699
2	TCGA-AR-A1AL	0.00084046414	0.0018503036	0.9931676	0.0026858174	0.0014558464
2	TCGA-AR-A1AV	0.0007098664	0.0015627893	0.93688124	0.060048375	0.00079769123
1	TCGA-E2-A1B0	0.073402464	0.82716495	0.022669496	0.024859477	0.051903646
2	TCGA-E2-A1B1	0.0014910443	0.0032825726	0.98634714	0.0041232645	0.0047560157
2	TCGA-E2-A1B4	0.0008349799	0.0018382309	0.99286675	0.0035217423	0.0009382843
0	TCGA-AR-A1AR	0.99174035	0.002326993	0.001085612	0.0011707001	0.003676308
2	TCGA-BH-A1ET	0.00082836166	0.0018236596	0.98258483	0.013832287	0.0009308468
2	TCGA-BH-A1EU	0.0015316927	0.0033720613	0.9864095	0.0056389086	0.0030478158
1	TCGA-BH-A1EV	0.025225578	0.3497201	0.3645613	0.23040488	0.030088184
2	TCGA-BH-A1EW	0.0029931683	0.004435969	0.90456146	0.085745126	0.0022642424
0	TCGA-E2-A14N	0.9551604	0.005350287	0.0019187606	0.0029106238	0.034660015
2	TCGA-E2-A15I	0.0015546088	0.0023010613	0.9847438	0.010225998	0.001174526
2	TCGA-A2-A1FV	0.003466794	0.004863517	0.7601449	0.22904232	0.0024824745
3	TCGA-A2-A1FW	0.0036265338	0.007983908	0.08865142	0.89566296	0.0040752096
0	TCGA-A2-A1G1	0.98581636	0.0025531396	0.0023294825	0.0018165591	0.007484447
2	TCGA-E2-A1IN	0.0021090687	0.0046431716	0.9521848	0.038692918	0.0023700034
2	TCGA-E2-A1L8	0.0010592676	0.002332006	0.98246884	0.012949599	0.001190321
2	TCGA-EW-A1J2	0.0012537756	0.0018581353	0.99176383	0.0041758595	0.0009484441
3	TCGA-A2-A1G4	0.009015562	0.019848002	0.24026991	0.7189331	0.01193341
3	TCGA-AO-A1KP	0.0025077607	0.005520903	0.09400929	0.89514405	0.0028180229
3	TCGA-AO-A1KT	0.006459501	0.018899621	0.06528894	0.9047161	0.0046358095
2	TCGA-BH-A1EX	0.019914513	0.022036992	0.86636263	0.08207689	0.009609007
3	TCGA-BH-A1FD	0.0027968022	0.008461013	0.042062435	0.943537	0.0031428249
2	TCGA-BH-A1FL	0.0016546486	0.0036427535	0.947033	0.04581019	0.0018593632
2	TCGA-C8-A1HE	0.0018260225	0.0040200376	0.8449186	0.14718343	0.0020519395
2	TCGA-C8-A1HO	0.001005826	0.0022143533	0.8244573	0.1711923	0.0011302676
3	TCGA-D8-A1JD	0.0017034576	0.0037502062	0.032711636	0.9599205	0.0019142098
0	TCGA-D8-A1JL	0.97275746	0.007890938	0.0031790643	0.0044187624	0.011753831
2	TCGA-E2-A1IE	0.0017478865	0.0038480195	0.958546	0.032763675	0.0030944499
2	TCGA-BH-A0BS	0.002865646	0.006308797	0.96549124	0.022114076	0.0032201859
2	TCGA-BH-A0BT	0.0076208496	0.016777502	0.82020277	0.1421981	0.013200784
2	TCGA-BH-A0H3	0.001153295	0.0017092192	0.9897662	0.0064988774	0.00087243324
2	TCGA-A1-A0SQ	0.0012977502	0.0028570306	0.9544953	0.039131578	0.002218343
2	TCGA-E2-A1IF	0.0042980295	0.0063698166	0.9780694	0.0062508476	0.005011867
2	TCGA-E2-A1IO	0.004009364	0.008826723	0.9636842	0.010912195	0.0125675285
2	TCGA-E2-A1LA	0.0017846121	0.003928872	0.9479889	0.04429219	0.0020054057
1	TCGA-E2-A1LB	0.008421043	0.9004648	0.025156636	0.04323461	0.022722997
0	TCGA-E9-A1N8	0.9814509	0.0033232954	0.0012033607	0.0019571949	0.012065249
2	TCGA-EW-A1IX	0.0013353372	0.002939781	0.97441953	0.019804854	0.0015005462
3	TCGA-EW-A1OZ	0.0018982294	0.01147019	0.03890917	0.94558936	0.0021330786
0	TCGA-EW-A1P4	0.97754264	0.0053561646	0.0035053513	0.002908765	0.010687145
2	TCGA-EW-A1P5	0.0060856	0.013397612	0.8577809	0.1158974	0.006838512
0	TCGA-BH-A1F0	0.93020767	0.005302721	0.0030887362	0.0035883363	0.057812504
1	TCGA-C8-A1HF	0.012843202	0.8538936	0.060307864	0.064313844	0.008641509
3	TCGA-C8-A1HG	0.06940694	0.015725533	0.07161258	0.8352282	0.008026752
2	TCGA-C8-A1HI	0.0030540507	0.0067235753	0.9596622	0.022793444	0.007766687
3	TCGA-C8-A1HL	0.0013699514	0.0043587754	0.06207778	0.9306541	0.0015394428
3	TCGA-C8-A1HM	0.0040993886	0.0060754213	0.12556896	0.86115515	0.0031010646
3	TCGA-C8-A1HN	0.0015348115	0.0033789286	0.017232995	0.9761286	0.0017246995
2	TCGA-BH-A0H7	0.0031498843	0.011566131	0.7648276	0.21529247	0.0051638465
2	TCGA-E2-A1IH	0.0011264945	0.002480008	0.94992393	0.04520374	0.0012658653
2	TCGA-E2-A1L9	0.00230199	0.0050678933	0.9643853	0.025658004	0.0025867943
2	TCGA-EW-A1J3	0.0012985858	0.0028588716	0.97723114	0.017152142	0.0014592478
2	TCGA-EW-A1J5	0.0015063847	0.0033163466	0.9758065	0.017678058	0.0016927558
0	TCGA-BH-A1F6	0.969164	0.0055649546	0.0022752539	0.0026885956	0.02030718
2	TCGA-D8-A1JU	0.0014126855	0.0031100654	0.9879682	0.0039165127	0.0035925666
2	TCGA-EW-A1IW	0.0031050665	0.006639102	0.96706724	0.020839741	0.00234889
3	TCGA-EW-A1J6	0.0038354031	0.012203106	0.09758914	0.88206244	0.0043099206
3	TCGA-A1-A0SI	0.015363074	0.048795875	0.29797232	0.62060493	0.017263802
3	TCGA-A1-A0SN	0.0054365494	0.010837956	0.13282785	0.8478427	0.0030550058
0	TCGA-AO-A1KR	0.9810831	0.005472767	0.0023885618	0.0039281477	0.0071274233
2	TCGA-E2-A1IJ	0.0022873315	0.0050356225	0.96738917	0.02132572	0.0039621005
3	TCGA-E2-A1L7	0.003034977	0.006681584	0.13924001	0.84742343	0.0036200134
0	TCGA-E2-A1LL	0.8544109	0.07302747	0.036567416	0.017906273	0.018087955
2	TCGA-A2-A1G0	0.0015900297	0.0023534885	0.9915194	0.0033358454	0.0012012863
2	TCGA-AQ-A1H2	0.0050838417	0.008138157	0.65544564	0.3254117	0.0059206784
2	TCGA-AQ-A1H3	0.0021337464	0.004697498	0.9399208	0.050850246	0.002397734
1	TCGA-BH-A1EN	0.021431206	0.6067307	0.1628149	0.17615068	0.032872513
0	TCGA-BH-A1FC	0.98779327	0.0023177315	0.001693872	0.0017514095	0.00644374
3	TCGA-D8-A1X5	0.0023427736	0.0070874654	0.02001403	0.9679231	0.0026326224
2	TCGA-D8-A1XA	0.0016956922	0.005395183	0.82530516	0.16569847	0.0019054839
2	TCGA-D8-A1XB	0.0022330093	0.0033093893	0.9737594	0.01815913	0.0025390622
2	TCGA-D8-A1XC	0.008055676	0.011938768	0.872661	0.101250716	0.0060938806
2	TCGA-D8-A1XD	0.0010247331	0.0022559764	0.9842276	0.011340161	0.0011515133
2	TCGA-D8-A1XG	0.00203107	0.0030062976	0.9861902	0.006407001	0.0023653999
2	TCGA-BH-A1FE	0.004726462	0.015012086	0.9455949	0.015271108	0.01939541
0	TCGA-C8-A1HJ	0.98809564	0.0023224698	0.0010608186	0.0012612608	0.007259792
3	TCGA-D8-A1JE	0.0043064	0.009480656	0.18712473	0.794249	0.0048391917
1	TCGA-D8-A1JF	0.010235774	0.91511965	0.037665483	0.030750314	0.0062288004
2	TCGA-D8-A1JH	0.0017718647	0.003900806	0.9799479	0.0076064244	0.0067729987
0	TCGA-D8-A1JM	0.98157537	0.0035115043	0.0021004665	0.004107898	0.008704705
2	TCGA-E2-A1IL	0.0013582791	0.0020104633	0.98698574	0.008619296	0.0010261965
2	TCGA-E2-A1IU	0.0011290809	0.002485702	0.9521049	0.04301151	0.0012687717
0	TCGA-E2-A1LK	0.97665286	0.011429553	0.0011989966	0.003094508	0.0076241246
0	TCGA-E9-A1ND	0.9861057	0.004732718	0.0010981899	0.0015693099	0.0064941086
1	TCGA-EW-A1OV	0.009483667	0.91611683	0.015392542	0.052200753	0.006806171
0	TCGA-EW-A1OW	0.9868634	0.0044579194	0.001663992	0.0024017398	0.004612948
3	TCGA-EW-A1OX	0.002027122	0.004462764	0.11295182	0.87688553	0.0036727905
3	TCGA-EW-A1OY	0.002721379	0.004487964	0.059893038	0.9314704	0.0014271991
3	TCGA-EW-A1P0	0.0033707742	0.004928463	0.033985257	0.95519984	0.0025156238
2	TCGA-BH-A1FR	0.009924066	0.009360406	0.8840784	0.09156574	0.005071374
2	TCGA-BH-A1EY	0.0016870325	0.012024589	0.9632772	0.01990933	0.0031018197
2	TCGA-D8-A1JP	0.010406109	0.015025875	0.90837824	0.05852015	0.0076696253
3	TCGA-AO-A1KQ	0.0014063376	0.011667174	0.09769464	0.88765156	0.0015803308
2	TCGA-BH-A1FG	0.0007303974	0.0016079887	0.963978	0.032862857	0.0008207623
3	TCGA-A2-A04R	0.0047582486	0.010475412	0.21378268	0.76563674	0.005346943
3	TCGA-A2-A0YH	0.0028270045	0.0063167405	0.2139515	0.7747689	0.0021358356
0	TCGA-A2-A0YJ	0.98096323	0.0063930666	0.0020027102	0.003191696	0.007449321
0	TCGA-B6-A1KF	0.98230237	0.004939611	0.0024192603	0.0031552052	0.007183522
1	TCGA-C8-A1HK	0.010251698	0.7295612	0.018556066	0.22969183	0.011939208
2	TCGA-D8-A1JB	0.0016572232	0.0036484217	0.9839548	0.003444138	0.0072954623
0	TCGA-D8-A1JK	0.5272422	0.30319303	0.055147637	0.07911661	0.03530056
4	TCGA-EW-A1P7	0.22586611	0.025161868	0.009968249	0.01581869	0.7231851
0	TCGA-EW-A1PB	0.9829047	0.005081782	0.0013144347	0.0021358978	0.008563201
2	TCGA-EW-A1PD	0.0012845357	0.0028279386	0.9458047	0.048382554	0.0017002693
2	TCGA-EW-A1PF	0.0016175677	0.0051466143	0.98657787	0.0046732994	0.001984693
2	TCGA-E9-A1R6	0.0009288472	0.0020448822	0.9579268	0.038055766	0.0010437649
2	TCGA-E9-A1RA	0.003633402	0.007999029	0.8948639	0.08717008	0.00633363
4	TCGA-EW-A1P1	0.01886574	0.01025018	0.06482763	0.010364588	0.8956918
3	TCGA-D8-A1J8	0.008989077	0.013322098	0.24234538	0.7285435	0.006799968
3	TCGA-D8-A1J9	0.0042309077	0.04256676	0.049275484	0.89917254	0.004754357
1	TCGA-D8-A1JA	0.0043692626	0.9640337	0.022002652	0.0069891266	0.0026052478
3	TCGA-D8-A1JC	0.0069378363	0.02207412	0.092647664	0.8705442	0.0077961874
3	TCGA-D8-A1JT	0.0033996885	0.004257024	0.0887333	0.9014371	0.0021729025
2	TCGA-E2-A1L6	0.0013099212	0.0028838255	0.98847264	0.003220171	0.0041133915
3	TCGA-EW-A1IY	0.016785223	0.061634056	0.36527798	0.53744084	0.018861901
2	TCGA-EW-A1J1	0.0075203953	0.016556352	0.78744364	0.18002878	0.008450825
3	TCGA-A2-A1FX	0.00096339604	0.0021209414	0.09447252	0.90136063	0.0010825876
3	TCGA-AO-A1KS	0.005327788	0.01695142	0.07830113	0.8901909	0.0092287585
3	TCGA-B6-A1KN	0.0015368727	0.014395012	0.036922753	0.94541836	0.0017270158
3	TCGA-BH-A1F2	0.00990504	0.021806212	0.11054499	0.8466132	0.0111305
3	TCGA-BH-A1F8	0.0017958009	0.0057137012	0.03784512	0.95262736	0.0020179788
2	TCGA-BH-A0W5	0.0020451585	0.0030271509	0.9858294	0.005344391	0.003753894
0	TCGA-BH-A0WA	0.97997016	0.0037894917	0.0028164522	0.0019629984	0.01146088
2	TCGA-E9-A22B	0.001738554	0.0063838363	0.8703206	0.11628447	0.005272502
3	TCGA-E9-A22D	0.0029193175	0.007216197	0.04941455	0.92613333	0.01431666
3	TCGA-E9-A22E	0.009725843	0.024688313	0.046852674	0.893706	0.02502714
3	TCGA-E9-A22H	0.002325006	0.005118564	0.29041177	0.69953203	0.0026126578
1	TCGA-AR-A254	0.024829915	0.43781683	0.23398995	0.27546144	0.027901884
2	TCGA-E9-A1QZ	0.002294979	0.008426986	0.9624177	0.0055764243	0.0212839
2	TCGA-B6-A1KI	0.001635289	0.002294125	0.9817754	0.012450362	0.0018448604
2	TCGA-D8-A1XM	0.0021894262	0.004820081	0.98338366	0.0058142883	0.003792511
2	TCGA-D8-A1XU	0.0031870196	0.0070163095	0.92739564	0.058819678	0.0035813202
2	TCGA-D8-A1Y0	0.001172676	0.0025816776	0.98886675	0.0060611083	0.0013177604
3	TCGA-D8-A1Y1	0.0028521353	0.0062790494	0.10880984	0.8788539	0.0032050023
2	TCGA-E9-A1R3	0.003982194	0.008518533	0.93203175	0.05082986	0.0046376935
0	TCGA-E9-A1N9	0.14803426	0.23628922	0.3336735	0.24631822	0.03568481
3	TCGA-E9-A1NF	0.004941316	0.010878439	0.1446511	0.8309698	0.008559318
2	TCGA-E9-A1NH	0.0016900328	0.0037206507	0.96086884	0.030690469	0.0030299868
3	TCGA-E9-A1NI	0.001023926	0.0022541997	0.21660087	0.7789704	0.0011506064
4	TCGA-A2-A0YK	0.016643154	0.035540517	0.52667695	0.042004142	0.37913528
2	TCGA-AN-A0XN	0.0062670233	0.014201967	0.7565084	0.2159802	0.0070423842
2	TCGA-AN-A0XT	0.0022157936	0.00221212	0.98049253	0.013891006	0.0011884671
0	TCGA-AN-A0XU	0.9696203	0.007231949	0.0042833025	0.00233251	0.016531961
2	TCGA-AN-A0XV	0.002643333	0.005819366	0.9192615	0.069305435	0.0029703667
2	TCGA-AN-A0XW	0.0053956723	0.010974615	0.9613471	0.018206181	0.0040764944
0	TCGA-AR-A0TU	0.98896945	0.0023204915	0.0013842769	0.0022472504	0.005078575
2	TCGA-E9-A1N3	0.0007695633	0.0028257784	0.98107725	0.01402752	0.0012998518
3	TCGA-E9-A1RB	0.024642147	0.03457013	0.064149365	0.8494381	0.027200285
2	TCGA-E9-A1RC	0.003566385	0.009442337	0.8598936	0.12309698	0.004000694
2	TCGA-E9-A1RD	0.0019473323	0.0028472242	0.86025524	0.13276567	0.0021844753
2	TCGA-E9-A1RF	0.011014383	0.06683713	0.58618474	0.28575853	0.050205175
3	TCGA-E9-A226	0.0060190903	0.008920483	0.18208009	0.7874916	0.0154886935
2	TCGA-E9-A227	0.003370465	0.007420169	0.9380367	0.04541127	0.005761395
3	TCGA-E9-A228	0.002393252	0.005268809	0.100931495	0.88657784	0.00482866
2	TCGA-E9-A229	0.0010525669	0.0023172533	0.9823647	0.013082659	0.0011827908
3	TCGA-E9-A22A	0.012334565	0.007736376	0.080748424	0.8846049	0.014575818
2	TCGA-AR-A24W	0.0018270875	0.0027078018	0.98714405	0.0028358474	0.0054852343
2	TCGA-AR-A24X	0.0036772403	0.008095544	0.90104306	0.083051994	0.004132191
3	TCGA-AR-A24Z	0.0019516419	0.0047718654	0.20590493	0.7851785	0.0021931005
3	TCGA-AR-A250	0.0012557815	0.003995521	0.02000439	0.9733332	0.0014111478
0	TCGA-AR-A251	0.9846502	0.004012827	0.0016117458	0.0023020357	0.007423196
2	TCGA-AR-A252	0.011143696	0.014687088	0.8670645	0.019757416	0.087347336
0	TCGA-AR-A256	0.9815683	0.010760773	0.0015237945	0.0018612002	0.0042859646
3	TCGA-AR-A0U2	0.0055898153	0.017785119	0.047120303	0.9232234	0.0062813913
2	TCGA-AR-A0U3	0.009545616	0.013956797	0.78330123	0.18563469	0.007561653
2	TCGA-B6-A0WT	0.0011336266	0.0024957096	0.9772375	0.017859198	0.0012738798
0	TCGA-B6-A0X1	0.9923423	0.0022620147	0.002075993	0.0012666815	0.0020529695
2	TCGA-B6-A0X4	0.002043012	0.004497744	0.9707427	0.020420777	0.0022957742
3	TCGA-B6-A0X5	0.007831628	0.012229483	0.04959979	0.9247185	0.0056205452
3	TCGA-BH-A209	0.06250012	0.05374193	0.22802553	0.56315917	0.09257324
3	TCGA-D8-A1Y2	0.01432871	0.045589667	0.14818895	0.7733963	0.018496359
3	TCGA-D8-A1Y3	0.004945105	0.011237819	0.018920701	0.9596691	0.0052272924
0	TCGA-E2-A1LI	0.971401	0.007256986	0.001818226	0.0028118566	0.016711997
3	TCGA-A2-A25B	0.0058866343	0.017808523	0.16192697	0.8077629	0.0066149337
3	TCGA-A2-A25E	0.0020785122	0.0045759003	0.12755755	0.8634524	0.0023356662
0	TCGA-A2-A25F	0.7702163	0.013543355	0.04846339	0.013051456	0.15472557
2	TCGA-A7-A26E	0.00094719545	0.0018571141	0.99121875	0.0050290185	0.0009479229
0	TCGA-A7-A26G	0.8708545	0.017622162	0.005547582	0.01985995	0.086115785
2	TCGA-A7-A26H	0.0008544844	0.0018811704	0.94743997	0.04886414	0.0009602019
2	TCGA-A7-A26J	0.0017095262	0.0037635681	0.95887923	0.033726692	0.0019210301
3	TCGA-AR-A24H	0.00569814	0.008331342	0.09190253	0.88751274	0.00655522
3	TCGA-AR-A24K	0.004172539	0.0061007356	0.17286626	0.81374645	0.0031139858
2	TCGA-AR-A24L	0.0014057308	0.003094753	0.9565582	0.036490925	0.002450425
2	TCGA-AR-A24M	0.0009811963	0.00216013	0.98794985	0.0078062266	0.0011025907
3	TCGA-AR-A24N	0.0022756096	0.0056250324	0.08364075	0.9058711	0.0025875024
2	TCGA-E9-A247	0.0036234506	0.007977123	0.8786502	0.105677485	0.004071747
1	TCGA-E9-A248	0.05137322	0.6433029	0.049381305	0.078035474	0.17790703
3	TCGA-E9-A249	0.0033942915	0.007472621	0.412093	0.57322586	0.0038142342
2	TCGA-AQ-A0Y5	0.0053497	0.013786739	0.859405	0.11219183	0.009266718
2	TCGA-GM-A2DN	0.0036017343	0.007701053	0.96367747	0.020793265	0.0042265346
2	TCGA-GM-A2DM	0.0038613933	0.008500957	0.9278181	0.05313077	0.006688679
2	TCGA-AR-A24O	0.0010579855	0.0023291823	0.9874219	0.0038138744	0.00537712
2	TCGA-AR-A24P	0.0013203848	0.0029068612	0.95746744	0.0368216	0.0014837431
0	TCGA-AR-A24Q	0.98567134	0.0029147852	0.0012404097	0.0025652847	0.0076082414
3	TCGA-AR-A24R	0.0011368425	0.004532042	0.0738772	0.9191764	0.0012774937
3	TCGA-AR-A24S	0.035327572	0.112401746	0.11489884	0.6976735	0.039698318
2	TCGA-AR-A24T	0.0023114341	0.002182917	0.9889338	0.004816434	0.0017554304
1	TCGA-AR-A24U	0.044486023	0.8469252	0.043318354	0.03232152	0.032948844
2	TCGA-BH-A201	0.0020595104	0.0045340653	0.98318523	0.0047944156	0.0054267473
3	TCGA-BH-A202	0.012060885	0.06852394	0.019979903	0.890915	0.0085202595
3	TCGA-D8-A1X6	0.0014395007	0.003427385	0.046816688	0.9466988	0.0016175961
3	TCGA-D8-A1X7	0.009000788	0.008404848	0.104990646	0.8733136	0.0042900695
2	TCGA-D8-A1X8	0.0006193112	0.0013634296	0.994027	0.0032943152	0.00069593254
1	TCGA-D8-A1XJ	0.005529861	0.93679273	0.019360103	0.033877105	0.0044402014
0	TCGA-D8-A1XK	0.988228	0.0033511152	0.00075021375	0.0011604045	0.006510208
2	TCGA-BH-A1FB	0.003624588	0.007979624	0.9104882	0.00677838	0.071129195
3	TCGA-BH-A1FJ	0.005949224	0.012549409	0.11128805	0.8657734	0.0044399346
3	TCGA-C8-A27A	0.002237202	0.007309727	0.029732665	0.9582065	0.002513989
1	TCGA-E9-A1RH	0.09766843	0.7479459	0.028260069	0.067432545	0.058693092
2	TCGA-E9-A1RI	0.001338589	0.0029469382	0.97738874	0.012193422	0.00613229
1	TCGA-AC-A23H	0.0019069513	0.8965348	0.049857423	0.043842744	0.007858107
3	TCGA-BH-A204	0.0012835797	0.0029019085	0.057622798	0.93674934	0.0014423844
4	TCGA-BH-A208	0.11668544	0.038197573	0.017977536	0.012894903	0.81424457
2	TCGA-AC-A2B8	0.001180306	0.002598474	0.98910856	0.0050681243	0.002044518
1	TCGA-C8-A26X	0.013777238	0.8898733	0.029260714	0.01850657	0.048582155
1	TCGA-C8-A26Y	0.019599322	0.91880137	0.025394263	0.025488777	0.010716204
2	TCGA-C8-A26Z	0.0023843283	0.0052491603	0.8858635	0.10382376	0.002679318
2	TCGA-C8-A273	0.002889535	0.0056653526	0.80141646	0.18713693	0.002891754
3	TCGA-C8-A274	0.0013094888	0.02201017	0.02634445	0.94886434	0.0014714999
1	TCGA-C8-A275	0.023287853	0.8346385	0.046198532	0.07005237	0.025822785
2	TCGA-D8-A27E	0.0036797738	0.005446632	0.9644627	0.01989194	0.006518982
0	TCGA-D8-A27F	0.9880747	0.0022562016	0.0015891788	0.001261234	0.00681871
3	TCGA-E9-A1R7	0.001773193	0.005641769	0.07530341	0.9152891	0.001992574
0	TCGA-EW-A1PH	0.9499607	0.015911562	0.0044841734	0.017212411	0.012431105
4	TCGA-AC-A2FK	0.0062359306	0.003719545	0.029396923	0.0031237705	0.9575239
2	TCGA-AR-A2LE	0.0028991392	0.0040671634	0.97328794	0.01766981	0.002075994
4	TCGA-A2-A25A	0.0036575934	0.00805229	0.48547125	0.010165305	0.49265355
2	TCGA-A2-A25D	0.0066657807	0.04290237	0.8259906	0.11351348	0.010927726
3	TCGA-C8-A26V	0.003342413	0.006553286	0.10498075	0.8777884	0.0073350775
2	TCGA-AC-A2FB	0.0064711156	0.02055343	0.9145684	0.018279374	0.040127687
2	TCGA-AC-A2FG	0.0010699256	0.00235547	0.99235415	0.002367169	0.0018533189
2	TCGA-D8-A27V	0.0028718733	0.0035114267	0.9474404	0.04263741	0.0035388744
2	TCGA-EW-A2FS	0.003205541	0.0070570847	0.9423038	0.043831445	0.003602133
3	TCGA-EW-A2FW	0.004489149	0.009882983	0.17719902	0.8033843	0.005044548
2	TCGA-D8-A1XY	0.002735708	0.008704199	0.95702386	0.028462071	0.0030741706
0	TCGA-E2-A1LG	0.8897637	0.0223081	0.056187835	0.013265611	0.018474767
2	TCGA-E9-A1N4	0.0013297241	0.002927422	0.8884392	0.10503071	0.002272999
2	TCGA-E9-A1NG	0.012502067	0.018504992	0.8823689	0.04950631	0.037117757
3	TCGA-AR-A2LK	0.0018318687	0.004032908	0.052152906	0.9399239	0.002058508
3	TCGA-E9-A2JS	0.0023434097	0.00515908	0.03566115	0.9529947	0.003841733
4	TCGA-GM-A2DD	0.047325056	0.15753022	0.07537362	0.06320936	0.65656173
0	TCGA-GM-A2DF	0.97001135	0.0051613394	0.0037965456	0.012909719	0.008121027
1	TCGA-GM-A2DH	0.0310346	0.57293904	0.08767367	0.27981824	0.028534459
2	TCGA-GM-A2DK	0.0012181264	0.002681738	0.9721458	0.021059394	0.0028949666
2	TCGA-D8-A27G	0.0064583006	0.007779381	0.69703704	0.28583562	0.0028896325
0	TCGA-D8-A27H	0.9654299	0.006022195	0.007133149	0.0043799197	0.017034862
2	TCGA-D8-A27K	0.0016063848	0.003536499	0.98486274	0.008189168	0.0018051281
0	TCGA-D8-A27M	0.9150192	0.01917272	0.012562409	0.009754825	0.043490794
3	TCGA-D8-A27N	0.0039372095	0.0144571345	0.1541692	0.8230121	0.004424322
2	TCGA-D8-A27P	0.0022710091	0.0033614447	0.9872946	0.0044629313	0.002609996
3	TCGA-D8-A1XL	0.010375859	0.02219558	0.08586612	0.8737233	0.007839089
2	TCGA-D8-A1XO	0.002134545	0.0046992563	0.9564151	0.0327399	0.004011179
0	TCGA-D8-A1XQ	0.98448735	0.0037999717	0.0013365914	0.0026264049	0.0077496683
3	TCGA-D8-A1XR	0.0038816386	0.008545532	0.38255134	0.60065955	0.0043618763
1	TCGA-D8-A1XT	0.10275325	0.8010107	0.020895453	0.022954758	0.05238582
2	TCGA-D8-A1XV	0.0076369974	0.016329063	0.8158162	0.15408564	0.006132127
4	TCGA-D8-A1XW	0.30748457	0.051273547	0.021955196	0.02610365	0.59318304
2	TCGA-EW-A1P3	0.0010715683	0.0023590864	0.9850765	0.010288748	0.0012041436
2	TCGA-EW-A1P6	0.005042381	0.016043348	0.84051114	0.13273694	0.005666229
0	TCGA-EW-A1P8	0.9773311	0.0034820721	0.0008066819	0.0012475203	0.017132634
2	TCGA-EW-A1PA	0.0026030808	0.00573075	0.9404679	0.048273083	0.0029251347
4	TCGA-EW-A1PG	0.005707892	0.008459274	0.31418258	0.0071858233	0.6644644
2	TCGA-A2-A1FZ	0.0014532954	0.0021538287	0.9850679	0.007526866	0.0037981228
4	TCGA-BH-A1FU	0.02369262	0.062381808	0.021686507	0.017543597	0.8746955
3	TCGA-D8-A27R	0.00668423	0.021267211	0.040917583	0.91955256	0.011578379
3	TCGA-D8-A27W	0.0027002627	0.0059446977	0.08877975	0.89954096	0.0030343398
2	TCGA-E9-A1R0	0.0010705456	0.002356835	0.98413634	0.010276317	0.002159948
2	TCGA-E9-A245	0.0046884497	0.0069396277	0.95955926	0.025270466	0.0035421797
2	TCGA-E9-A295	0.0045162635	0.0063499636	0.90495265	0.07945255	0.0047285305
4	TCGA-AR-A2LH	0.007054286	0.021899657	0.06585314	0.017720923	0.887472
2	TCGA-AR-A2LN	0.0019665228	0.0072209234	0.9752237	0.007954376	0.0076345033
2	TCGA-AR-A2LO	0.004290406	0.0063585183	0.9623523	0.0070179333	0.019980924
4	TCGA-AR-A2LQ	0.0069638123	0.003936872	0.1250162	0.003306287	0.8607768
0	TCGA-AR-A2LR	0.9651805	0.001524971	0.0010370543	0.0029329355	0.029324474
2	TCGA-BH-A2L8	0.0017536201	0.0038606422	0.98361164	0.008635771	0.002138272
2	TCGA-E9-A2JT	0.05317256	0.033424422	0.8124721	0.062207196	0.038723703
2	TCGA-GM-A2DA	0.0013862378	0.0030518398	0.9755411	0.01846306	0.0015577442
2	TCGA-GM-A2DC	0.0007046836	0.002587545	0.8983654	0.09718714	0.0011552423
2	TCGA-GM-A2DI	0.023853265	0.020921817	0.83483905	0.05370236	0.06668349
2	TCGA-A2-A3KD	0.0020959594	0.0027329128	0.9906969	0.0023774353	0.002096772
2	TCGA-A7-A3J0	0.007872834	0.011653007	0.9299683	0.036558524	0.0139472885
2	TCGA-A7-A3IZ	0.0020456705	0.002876258	0.95550275	0.03810718	0.0014681224
2	TCGA-AC-A23G	0.0037473778	0.005553733	0.96961	0.0058966023	0.015192309
2	TCGA-A7-A3J1	0.0020100551	0.006384297	0.9799875	0.008059555	0.003558593
2	TCGA-AC-A3HN	0.0043400857	0.004324526	0.9828399	0.006288135	0.0022073588
3	TCGA-C8-A3M8	0.001873528	0.0041246223	0.10189484	0.8900017	0.0021053222
2	TCGA-E2-A3DX	0.0018899575	0.0041132746	0.9747916	0.0044747344	0.014730413
2	TCGA-A7-A3IY	0.008755072	0.0052739126	0.9553968	0.0057344385	0.024839772
0	TCGA-AC-A2BK	0.9891271	0.0033508088	0.00081641827	0.002135225	0.0045703915
3	TCGA-AC-A2BM	0.0027729722	0.010182144	0.23271702	0.74949414	0.0048337565
2	TCGA-C8-A3M7	0.012434416	0.093398504	0.7580252	0.05701831	0.07912352
0	TCGA-B6-A0I1	0.9813727	0.004398129	0.0008100178	0.0013174465	0.012101762
2	TCGA-E9-A3Q9	0.0050754393	0.0071361796	0.87168264	0.11246327	0.0036425055
0	TCGA-GI-A2C9	0.97304505	0.004887361	0.0012245203	0.0018937004	0.018949285
2	TCGA-GM-A2DL	0.0036310635	0.00799388	0.86687434	0.117420346	0.0040802993
3	TCGA-GM-A2DO	0.0060155443	0.013243377	0.24587348	0.71124953	0.02361807
0	TCGA-BH-A0B9	0.9902204	0.0032621273	0.0013595399	0.0011689059	0.0039889994
2	TCGA-E2-A1BD	0.0012524857	0.0018312794	0.9856845	0.0102969995	0.0009347361
2	TCGA-BH-A1ES	0.0015586416	0.0034313896	0.97137725	0.021881295	0.0017514771
0	TCGA-E2-A1B6	0.8673612	0.036006156	0.037861157	0.011491106	0.047280453
2	TCGA-A7-A13H	0.0015682194	0.0023241509	0.9852889	0.00747866	0.0033400513
2	TCGA-E2-A2P6	0.0017973328	0.0057185753	0.8411471	0.14822368	0.003113328
2	TCGA-A2-A0CO	0.0008389517	0.0018469739	0.9858065	0.010564784	0.000942747
2	TCGA-A7-A3RF	0.001260418	0.002774844	0.98713595	0.0066455565	0.0021832886
2	TCGA-E2-A14U	0.0029220213	0.0029115472	0.9742785	0.002473246	0.017414741
2	TCGA-E2-A2P5	0.0068444237	0.023500385	0.8581627	0.10380128	0.0076912213
2	TCGA-A2-A0EP	0.061620716	0.046018604	0.5255436	0.04436864	0.32244843
0	TCGA-A2-A3XT	0.9660596	0.0055912654	0.0041098963	0.0057017687	0.018537415
0	TCGA-A2-A3XU	0.9863348	0.005482544	0.0032494692	0.0019216158	0.0030115237
0	TCGA-A2-A3XX	0.9790918	0.0037863932	0.0034078318	0.001953213	0.011760794
4	TCGA-A2-A3XW	0.02711829	0.008976998	0.16046675	0.028233575	0.7752044
0	TCGA-A2-A3XY	0.9368238	0.0022344484	0.0012187709	0.0011958146	0.058527146
1	TCGA-A2-A3XZ	0.028160077	0.81153286	0.056236077	0.046412025	0.05765902
0	TCGA-A2-A3Y0	0.98535174	0.0062533244	0.0012763011	0.001825325	0.005293275
2	TCGA-AC-A3QP	0.003216002	0.0047662174	0.9786982	0.005414302	0.007905338
2	TCGA-A7-A426	0.0013805821	0.0030393875	0.9898144	0.0033213778	0.002444176
2	TCGA-LL-A442	0.0019860992	0.004372449	0.9586502	0.03275942	0.00223182
2	TCGA-AC-A3YJ	0.0016086744	0.00354154	0.97771305	0.01532897	0.0018077008
2	TCGA-B6-A401	0.0031960916	0.018876905	0.96106184	0.010305566	0.006559625
0	TCGA-B6-A400	0.9856167	0.0024437811	0.0016618898	0.001974309	0.008303306
0	TCGA-B6-A402	0.97028506	0.005456617	0.0077604624	0.0031165304	0.0133813545
2	TCGA-B6-A408	0.0015710195	0.007008587	0.87792736	0.1117277	0.0017653866
2	TCGA-B6-A40B	0.0008498204	0.0018709014	0.9891394	0.007184909	0.00095496036
0	TCGA-B6-A409	0.97077024	0.0075572263	0.002899308	0.0028446976	0.015928503
2	TCGA-B6-A40C	0.0031934031	0.00703036	0.9023912	0.08379655	0.003588492
3	TCGA-BH-A42T	0.0014073625	0.0030983468	0.25676346	0.73714936	0.0015814819
4	TCGA-BH-A42U	0.0042375373	0.006208447	0.093797736	0.0050732936	0.89068294
2	TCGA-D8-A3Z5	0.0013341688	0.0029372075	0.9828651	0.010610038	0.002253513
2	TCGA-D8-A3Z6	0.0015822167	0.0023448942	0.9846865	0.010189551	0.0011968996
2	TCGA-E9-A3X8	0.0066509587	0.009856928	0.92844695	0.024070948	0.03097428
4	TCGA-LL-A441	0.27133584	0.013781217	0.005909978	0.0051875375	0.7037854
4	TCGA-AC-A3YI	0.004005063	0.005935628	0.046826094	0.006453936	0.93677926
2	TCGA-A2-A0CK	0.0013381771	0.002946032	0.98581797	0.008394133	0.0015037368
2	TCGA-A2-A0CR	0.005236538	0.01644225	0.9132877	0.020120753	0.04491279
2	TCGA-AC-A3TM	0.0017373451	0.0038248124	0.9831896	0.009295969	0.001952291
2	TCGA-AC-A3TN	0.0024793476	0.003625094	0.92735434	0.064690866	0.0018503491
2	TCGA-AC-A2FE	0.0015497069	0.005066612	0.98233175	0.00768465	0.0033672755
2	TCGA-AC-A2QI	0.0016781125	0.00410307	0.9374894	0.05382259	0.0029068165
0	TCGA-AC-A2QJ	0.9261401	0.014101225	0.005506726	0.0066476236	0.047604233
2	TCGA-AC-A3EH	0.0012124967	0.005256263	0.9682178	0.023950882	0.0013625071
2	TCGA-AC-A3BB	0.0031107517	0.009880308	0.9747814	0.008731953	0.0034956166
1	TCGA-AC-A3W5	0.003333795	0.9735918	0.010061055	0.0074466625	0.0055667283
2	TCGA-AC-A3W7	0.0034684679	0.0076359254	0.9780927	0.006905277	0.0038975894
2	TCGA-AR-A2LJ	0.0034318871	0.005079724	0.98458046	0.0043150275	0.002592833
2	TCGA-AR-A1AM	0.0013419165	0.0029542642	0.9885727	0.0047919047	0.002339186
2	TCGA-E2-A107	0.0011402922	0.002709063	0.98854136	0.0063278317	0.0012813701
2	TCGA-EW-A424	0.0010579138	0.0023290257	0.9911069	0.0043173274	0.0011887997
0	TCGA-GM-A3XL	0.98666185	0.0035297007	0.002045455	0.0019202009	0.005842818
2	TCGA-GM-A3XN	0.0028196543	0.0041788155	0.98234725	0.0073455116	0.0033087856
1	TCGA-JL-A3YW	0.054517057	0.7811301	0.09210244	0.032016296	0.040234175
2	TCGA-JL-A3YX	0.002366023	0.005208863	0.9240564	0.06570996	0.002658749
1	TCGA-E2-A1LE	0.0067654005	0.95700324	0.006229922	0.013855367	0.016146095
0	TCGA-EW-A3U0	0.98109883	0.0039714896	0.0029603767	0.002270327	0.009699013
2	TCGA-GM-A3NW	0.0016326293	0.0035942774	0.96830744	0.024631029	0.0018346196
2	TCGA-D8-A4Z1	0.010097428	0.015940633	0.77706194	0.0078098527	0.18909018
3	TCGA-A2-A4S3	0.026908895	0.057562325	0.07472062	0.8102499	0.030558242
2	TCGA-A2-A4S2	0.004195481	0.022225758	0.9132862	0.05557799	0.004714549
0	TCGA-A7-A4SE	0.98903453	0.0024524485	0.0012446421	0.0020243374	0.005244043
1	TCGA-A7-A4SF	0.021266831	0.52650326	0.063794814	0.37317243	0.015262631
3	TCGA-AQ-A54O	0.008895648	0.019584004	0.38749856	0.5686128	0.0154089825
0	TCGA-AQ-A54N	0.97435886	0.009223095	0.0030057274	0.0051263194	0.008286054
2	TCGA-A2-A4RW	0.0044449815	0.006587604	0.97695315	0.0067167613	0.0052975356
2	TCGA-LL-A50Y	0.001817719	0.004001757	0.97791684	0.01422105	0.0020426086
2	TCGA-A7-A4SB	0.0019938645	0.0043895463	0.97682285	0.014553174	0.0022405472
0	TCGA-A2-A4RX	0.9577519	0.005235048	0.0061590946	0.0042293514	0.026624555
4	TCGA-A2-A4RY	0.00352454	0.0022429023	0.08644783	0.0018328107	0.90595186
2	TCGA-A2-A4S0	0.0011956269	0.0026322051	0.97489965	0.019228779	0.0020437774
2	TCGA-LQ-A4E4	0.009125642	0.020679992	0.90701735	0.052922364	0.010254668
2	TCGA-A7-A4SA	0.01589386	0.03499075	0.8157767	0.08486929	0.04846945
2	TCGA-MS-A51U	0.0012397134	0.0027292625	0.9893736	0.002897758	0.0037596729
0	TCGA-A7-A5ZV	0.9826585	0.0026909476	0.002868635	0.0024470862	0.009334823
1	TCGA-AC-A5EH	0.04600911	0.3208485	0.294923	0.286518	0.051701378
2	TCGA-AC-A5XU	0.0018256687	0.004019259	0.88620114	0.10590237	0.002051542
2	TCGA-AR-A5QN	0.0011864073	0.0026119077	0.9881087	0.0067598326	0.0013331906
0	TCGA-AR-A5QQ	0.9390309	0.013755165	0.019948835	0.0059561683	0.021308947
3	TCGA-E9-A5UO	0.00126792	0.00279136	0.06988121	0.92463475	0.0014247874
2	TCGA-AR-A5QP	0.0035561682	0.005270352	0.979231	0.005759328	0.0061831013
2	TCGA-GM-A5PV	0.00084581354	0.0018620804	0.9938694	0.0024722514	0.00095045776
2	TCGA-GM-A5PX	0.0020226664	0.0029976543	0.9880235	0.005426151	0.0015300865
4	TCGA-OL-A5RY	0.059996452	0.053946905	0.11409017	0.026384564	0.7455819
2	TCGA-OL-A5RX	0.0010633362	0.0023409622	0.9918177	0.0035830196	0.0011948923
1	TCGA-OL-A5RZ	0.0044767177	0.93414915	0.00427356	0.05188698	0.00521362
2	TCGA-OL-A5RV	0.0010700792	0.0023558082	0.9924966	0.002223901	0.0018535849
0	TCGA-OL-A5S0	0.99074674	0.002328701	0.00081775506	0.0012646448	0.004842216
2	TCGA-A7-A56D	0.005303717	0.035264984	0.8126331	0.14083838	0.005959897
2	TCGA-AR-A5QM	0.0035274622	0.00494863	0.9600075	0.027831346	0.0036850206
2	TCGA-E9-A5FK	0.0021106296	0.0067037405	0.9803979	0.0068240236	0.0039636935
2	TCGA-BH-A5J0	0.0013215744	0.0029094815	0.9772865	0.016223392	0.002259069
0	TCGA-E9-A5FL	0.9318341	0.011808668	0.013951348	0.017550692	0.024855163
3	TCGA-LL-A5YM	0.00093978003	0.002068951	0.04881372	0.9471215	0.0010560503
2	TCGA-LL-A5YN	0.0114070745	0.03623092	0.89855766	0.040985957	0.012818367
4	TCGA-OL-A5D6	0.009121705	0.18078218	0.033618733	0.019465515	0.75701183
2	TCGA-OK-A5Q2	0.0048160874	0.0071375915	0.9527964	0.014516963	0.020733023
0	TCGA-OL-A5D7	0.97956514	0.0024289677	0.0012327255	0.0019063896	0.014866821
2	TCGA-OL-A5D8	0.0045277365	0.0015895925	0.95294964	0.040121652	0.0008113724
2	TCGA-OL-A5DA	0.0015295624	0.0033673728	0.98500943	0.008374843	0.0017188012
2	TCGA-OL-A5RU	0.0016818546	0.0037026466	0.9878439	0.0038583714	0.0029132972
2	TCGA-PE-A5DC	0.0030197275	0.0066480115	0.892841	0.094097905	0.0033933306
0	TCGA-OL-A5RW	0.9696717	0.005303819	0.0032184725	0.0030345242	0.01877148
2	TCGA-PE-A5DD	0.0012185217	0.0059555643	0.58274525	0.4087114	0.0013692783
2	TCGA-PE-A5DE	0.0023031035	0.0050703413	0.9658247	0.024213765	0.002588044
2	TCGA-HN-A2OB	0.0016583914	0.0036509917	0.988389	0.003582802	0.0027187283
2	TCGA-A7-A5ZW	0.003514734	0.0052023497	0.9783684	0.006905073	0.0060094553
2	TCGA-A7-A5ZX	0.0028696763	0.004034829	0.981354	0.0059960196	0.00574553
2	TCGA-AC-A5XS	0.0070026293	0.015416477	0.88400054	0.08118298	0.012397426
2	TCGA-AC-A62Y	0.004308153	0.009484512	0.9475394	0.031205347	0.007462554
3	TCGA-E2-A56Z	0.0027170766	0.0059817145	0.18954727	0.7987007	0.0030532342
0	TCGA-E2-A574	0.98135376	0.0052731605	0.0012032416	0.0040928964	0.008076912
2	TCGA-LL-A5YL	0.0056555257	0.02189683	0.94428504	0.021731958	0.0064306636
2	TCGA-OL-A66H	0.0037841697	0.0056011565	0.95342654	0.032683898	0.0045042667
3	TCGA-AC-A62V	0.0022056464	0.008739934	0.09446834	0.8909702	0.0036158853
2	TCGA-E2-A576	0.0022034629	0.0070107565	0.8190521	0.16925757	0.002476076
2	TCGA-E9-A6HE	0.0016995388	0.0025187696	0.9850507	0.008798507	0.001932475
2	TCGA-LD-A66U	0.001415668	0.0031166316	0.99005413	0.003822707	0.0015908158
0	TCGA-LL-A6FR	0.9806318	0.004113422	0.0021507072	0.0020658853	0.011038159
2	TCGA-OL-A66L	0.0024252723	0.0077031013	0.97228694	0.014859329	0.0027253288
2	TCGA-EW-A1IZ	0.006180673	0.013606919	0.9236011	0.032464776	0.024146538
3	TCGA-E9-A1RG	0.0036147006	0.012013124	0.036150593	0.9441596	0.0040619145
3	TCGA-EW-A6SA	0.0038522107	0.012256582	0.11389042	0.86567193	0.0043288074
0	TCGA-EW-A6SB	0.95634294	0.014211759	0.0039650747	0.005121503	0.02035872
4	TCGA-LL-A73Z	0.03617485	0.049484264	0.0719482	0.027979428	0.81441325
2	TCGA-LL-A740	0.020833826	0.13592894	0.6969997	0.07300986	0.07322759
4	TCGA-BH-A6R9	0.3782847	0.023809586	0.12884669	0.013974529	0.4550845
2	TCGA-D8-A73X	0.001329896	0.0028101844	0.9843419	0.010525461	0.0009925078
3	TCGA-S3-A6ZF	0.00885248	0.028165927	0.21654047	0.73649335	0.009947711
2	TCGA-S3-A6ZG	0.0023791823	0.0075698425	0.91619307	0.07118439	0.0026735356
2	TCGA-S3-A6ZH	0.005627242	0.012388525	0.89583695	0.07982383	0.006323446
0	TCGA-A7-A6VV	0.9827319	0.0027356038	0.00081113965	0.001319271	0.012402113
0	TCGA-A7-A6VW	0.9792413	0.0057422747	0.0035790405	0.0033247303	0.0081126075
2	TCGA-BH-A6R8	0.0026350906	0.0058012228	0.7837558	0.20484675	0.0029611061
2	TCGA-AC-A6NO	0.0044476753	0.006503014	0.95959175	0.02613828	0.0033193196
2	TCGA-EW-A6S9	0.0016752721	0.0036881552	0.9839776	0.008776418	0.0018825373
2	TCGA-D8-A73U	0.0036610395	0.011628121	0.93658817	0.021573449	0.026549274
1	TCGA-EW-A6SD	0.0124210045	0.9272827	0.016468171	0.029362576	0.014465589
0	TCGA-A7-A6VY	0.9854295	0.0042859227	0.0016130215	0.0017735591	0.006897936
2	TCGA-OL-A6VR	0.0010269232	0.002260799	0.9858957	0.009662611	0.001153975
0	TCGA-AC-A6IW	0.98783153	0.0016065672	0.0012238797	0.0012609237	0.008077156
0	TCGA-LL-A73Y	0.9855392	0.0033429393	0.0015730159	0.0018687296	0.007676071
0	TCGA-OL-A6VO	0.9905826	0.0015473536	0.0017702241	0.0013298102	0.0047700177
2	TCGA-V7-A7HQ	0.0008227796	0.003670561	0.9668035	0.0277786	0.0009245741
0	TCGA-A2-A4S1	0.9080045	0.040535934	0.003769028	0.00706863	0.040621933
2	TCGA-BH-A8G0	0.0056564272	0.008383006	0.9565147	0.006850259	0.022595657
2	TCGA-LD-A7W5	0.008063406	0.03493675	0.91359735	0.03160368	0.011798836
2	TCGA-LL-A7SZ	0.010092559	0.022179717	0.8269366	0.1296259	0.011165188
2	TCGA-LD-A7W6	0.0008429126	0.001855694	0.9904607	0.0058934977	0.00094719796
3	TCGA-LL-A7T0	0.0012178282	0.0026810814	0.035409395	0.9593232	0.0013684983
0	TCGA-AC-A7VC	0.87121105	0.031838108	0.01054459	0.008889996	0.077516235
3	TCGA-AC-A7VB	0.0010964243	0.002413808	0.15190503	0.8433527	0.0012320749
2	TCGA-AQ-A7U7	0.009479434	0.030108383	0.88998795	0.046317283	0.024106923
4	TCGA-BH-A8FZ	0.0023775778	0.0075516156	0.22169025	0.0074017094	0.7609788
2	TCGA-BH-A8FY	0.0020673422	0.0075911214	0.8204516	0.16756682	0.0023231143
1	TCGA-C8-A8HP	0.021303855	0.92085624	0.02390536	0.011260857	0.022673734
3	TCGA-C8-A8HQ	0.0038583102	0.012275983	0.16898316	0.8105469	0.0043356614
0	TCGA-LL-A8F5	0.99233645	0.0016138938	0.0025972424	0.001266674	0.0021857754
2	TCGA-XX-A899	0.0022728643	0.00500377	0.97937727	0.008708618	0.004637494
2	TCGA-W8-A86G	0.0011419943	0.0025141311	0.988796	0.0045983195	0.0029495426
0	TCGA-PL-A8LZ	0.9725202	0.012491658	0.0023238123	0.0026000645	0.01006423
2	TCGA-3C-AAAU	0.0025507705	0.0056155897	0.9400497	0.048917543	0.0028663538
2	TCGA-AC-A4ZE	0.0011222535	0.0024706712	0.97908086	0.016065149	0.0012610996
0	TCGA-S3-AA10	0.97068024	0.009636215	0.002062481	0.0038545723	0.0137665095
4	TCGA-LD-A9QF	0.07275488	0.08222411	0.054688744	0.028705575	0.76162666
2	TCGA-WT-AB41	0.008522039	0.012629933	0.936529	0.03262899	0.009690061
1	TCGA-3C-AALI	0.009984463	0.8707591	0.02024618	0.09339955	0.005610656
2	TCGA-S3-AA11	0.0014062598	0.003550885	0.9798387	0.014197107	0.0010069839
2	TCGA-LL-A9Q3	0.0027970988	0.0061578886	0.9478224	0.04007946	0.003143158
2	TCGA-WT-AB44	0.0024166382	0.0056546265	0.96692824	0.023269996	0.001730488
3	TCGA-3C-AALJ	0.008669976	0.01908718	0.19923812	0.76326215	0.009742628
2	TCGA-AC-A8OR	0.003248078	0.010334412	0.9507292	0.030062037	0.0056263017
2	TCGA-OL-A6VQ	0.0016747598	0.002354748	0.99205	0.0027186056	0.0012019292
2	TCGA-Z7-A8R5	0.004935073	0.0121989	0.9585054	0.006126406	0.018234279
2	TCGA-S3-AA14	0.0020597691	0.0045346366	0.9739014	0.016025107	0.0034791087
2	TCGA-AC-A8OS	0.002015	0.004436077	0.9783506	0.012933984	0.0022642976
2	TCGA-3C-AALK	0.0010590339	0.0023314906	0.98840046	0.007019009	0.001190058
2	TCGA-4H-AAAK	0.0008434979	0.0018569825	0.9911485	0.0052032378	0.00094785565
2	TCGA-BH-AB28	0.013037004	0.006603339	0.95032835	0.0265197	0.0035116237
0	TCGA-S3-AA15	0.7827692	0.022388728	0.03358788	0.029898612	0.13135554
0	TCGA-PL-A8LV	0.97998065	0.0055260845	0.0036508522	0.0056123924	0.005229971
2	TCGA-5L-AAT0	0.002879851	0.002958906	0.990126	0.0025248656	0.0015103082
4	TCGA-PL-A8LY	0.006469416	0.0025259797	0.0034611302	0.0012375631	0.98630595
3	TCGA-5T-A9QA	0.0044664145	0.007654028	0.12692097	0.8586162	0.002342366
2	TCGA-5L-AAT1	0.0033658121	0.0074099256	0.97108555	0.011607988	0.0065307016
3	TCGA-E2-A9RU	0.012079496	0.038366653	0.1648967	0.7710831	0.013573982
1	TCGA-UU-A93S	0.057727486	0.91856927	0.005991915	0.0111307055	0.0065806583
3	TCGA-E9-A54Y	0.0022679898	0.008327887	0.08700526	0.8998503	0.0025485875
